0 139 0.8273305892192303
0 140 0.870771049984175
0 68 0.6908986560840265
0 125 0.7505823968608315
0 63 0.805804371830093
0 141 0.8421269301714882
0 142 0.8373382091483681
0 143 0.6759350299804099
1 2 -0.8047117571802039
1 3 0.8585174461059102
1 4 -0.8450633434643503
2 3 -0.806154960032962
3 4 -0.8765393441075382
8 9 0.7243862132213662
8 10 0.6991213980367719
8 11 0.7862911692245611
9 10 0.7200906613144797
9 11 0.7486515637620144
10 11 0.6249073911680819
12 13 -0.7222364522907054
12 14 -0.7014299592009697
12 6 -0.6403196847657803
12 18 -0.704923270360176
12 19 -0.6682284669993315
13 14 0.7991161414038018
13 15 -0.7452442077986071
13 16 -0.6834769973709129
13 17 -0.6130107079633722
13 6 0.7913655103425576
13 18 0.674533790953031
13 19 0.7901422253267675
13 20 -0.8321986657777525
13 21 -0.6473944609066367
14 15 -0.7220081774582683
14 16 -0.6186011258699543
14 17 -0.6032204253090062
14 6 0.7506767863990842
14 18 0.655176995004998
14 19 0.7001911727828606
14 20 -0.79017553179854
14 21 -0.7043435551079307
15 6 -0.720432569629643
15 18 -0.6162849249564727
15 19 -0.7153425141246703
16 6 -0.6582779969932729
16 18 -0.669673108249019
16 19 -0.6869644810830449
17 6 -0.5653606216464996
17 18 -0.5405344000466553
17 19 -0.5740951706918642
18 6 0.5930358593356717
18 19 0.5594244555992909
18 20 -0.8307760665501542
18 21 -0.622460186398453
19 6 0.7163618281124681
19 20 -0.7867775914355845
19 21 -0.6561817282746272
20 6 -0.7605997644257064
21 6 -0.5775114725085883
27 28 -0.8283405623164937
27 29 0.8042448759010201
27 30 0.7071085844499109
28 29 -0.8198965756983569
28 30 -0.7077995258930524
29 30 0.6668624200761986
31 32 0.7946502558371212
31 33 -0.5718424044627037
31 34 -0.8141141507867032
31 35 0.7635866403545565
32 33 -0.6561218300873433
32 34 -0.9133232530678512
32 35 0.8060110203328155
33 35 -0.5849087552299391
34 35 -0.7698916254963925
36 63 -2.1773751501721574
36 61 -0.6497109667855826
36 65 -0.7007061970686193
36 66 -0.6552579025521422
36 67 -0.7240187468970962
36 68 -0.6842632500265379
37 38 0.7451802096852225
37 39 0.6818199685547773
37 40 0.6992735672463671
37 41 0.6974316828799363
37 42 0.7102960874758291
38 39 0.9105499410351063
38 40 0.884074833917343
38 41 0.9170370157765468
38 42 0.9264498850274302
39 40 0.8650962566578465
39 41 0.897038986395687
39 42 0.8831304137089954
40 41 0.8813313184682298
40 42 0.8852532912830806
41 42 0.9334341783595849
44 48 -0.5587148495060984
44 17 -0.577715002952159
45 48 -0.5955239734979331
45 17 -0.6373578078582447
46 48 -0.6152116229436487
46 17 -0.654284082414169
47 48 -0.5161290099298154
47 17 -0.5231033251357545
48 17 0.6129271387481454
49 50 -0.8101186471703805
49 52 -0.8131577540947835
49 54 -0.7534884073188484
49 55 -0.8328891496529873
50 51 -0.8152762940319219
50 52 0.7484565277115046
50 53 -0.8062718138541267
50 54 0.7440898345427325
50 46 -0.8703694345680877
50 55 0.8290259858356238
50 56 -0.8250755184670374
51 52 -0.8161914943063481
51 54 -0.7538863579879191
51 55 -0.9111840700400724
52 53 -0.7379365358178543
52 54 0.7354143861296851
52 46 -0.8453125349213938
52 55 0.7875400460023781
52 56 -0.8329476873098612
53 54 -0.6934278224466209
53 55 -0.6909059178905774
54 46 -0.8291499696802805
54 55 0.7156133801821387
54 56 -0.8424921304264156
55 46 -0.7990379569663593
55 56 -0.78851871288685
58 11 0.7984977960530134
62 194 0.8750443458481386
62 6 0.7799636125536257
62 112 0.8521978259043933
62 188 -0.8186114118787233
62 184 0.7595174312524663
62 195 0.8473692536182276
62 196 -0.8111120457038333
62 197 -0.854480953168723
62 52 0.7014002203840781
62 198 0.7331429719898308
62 11 0.6441335666332041
62 199 0.8235620260208503
62 135 0.7853685617417621
62 200 0.731466591355529
62 201 0.8212966918915183
62 78 0.7501226063396544
62 132 0.8113370537728284
62 133 0.6577839509645559
62 202 0.7572188959775135
62 186 0.7215918302505471
63 61 0.8597532189268182
63 64 -0.7410736788480508
63 65 0.7848400330553649
63 66 0.8123243917987019
63 67 -0.12384213425576707
63 68 2.3086612156944466
63 69 -0.8669645472226095
63 70 -1.5128791755182558
63 71 -0.07731991808224825
64 61 -0.7019528756200191
64 65 -0.6495095883724376
64 66 -0.7118369397185096
64 68 -0.7047349582640562
65 61 0.6989641370313886
65 66 0.6671064220089109
65 67 0.05659259880346268
65 68 0.7229463650411233
65 69 -0.7341730486503155
65 70 -0.568949937981549
65 71 -0.6911959361228863
66 61 0.780044677532916
66 67 -0.8283869447851107
66 68 0.7680232850850942
66 69 -0.8140346020249074
66 70 -0.7598037755706079
66 71 -0.7557864957930587
67 61 -0.81337092367234
67 68 -0.7827303748807501
68 61 0.8264544839518787
68 69 -0.8132966519418923
68 70 -0.658717974880867
68 71 -0.19296158677882957
69 61 -0.8086312427670591
70 61 -0.6618092096652507
71 61 -0.8249828304615999
72 73 -0.7538900102000365
72 75 -0.7562482386196872
72 76 -0.5752328754075876
73 36 -0.8147164977889824
73 74 -0.792254693038838
73 75 0.839139412129561
73 76 0.6301529813314326
73 77 -0.8219785767621758
74 75 -0.7506310676147009
74 76 -0.5886958497593855
75 36 -0.7839630248593502
75 76 0.6277767080251168
75 77 -0.8902535040316466
76 36 -0.6086609482545329
76 77 -0.5954534115615824
78 79 -0.7773551135584789
78 80 0.8092324137493634
78 81 0.7463801625220391
78 82 0.7450650930053668
78 83 0.7599013447278187
78 84 0.6266403195715612
78 85 0.6162422895175558
79 80 -0.8547224771385566
79 81 -0.784176797901737
79 82 -0.7728870933283245
79 83 -0.8751583305784914
79 84 -0.6892225038007401
79 85 -0.5867810360544582
80 81 0.778427302787774
80 82 0.7799130677996451
80 83 0.8433043360375926
80 84 0.6176448462051388
80 85 0.625882863987422
81 82 0.7338050178020608
81 83 0.797991387424008
81 84 0.6509318240936243
81 85 0.6319709980402897
82 83 0.7134805321245626
82 84 0.681606232845721
82 85 0.6204543113456028
83 84 0.6670235392637713
83 85 0.5906579494138531
84 85 0.5949407217526201
86 13 0.7121907782147541
86 36 -0.7879800298988295
86 87 0.7726149876409765
86 88 0.8010379559890202
86 89 -0.5696439041011881
86 90 0.6800275641187706
86 91 0.7173254616661222
86 92 -0.7354863407356736
86 93 0.7311299245498024
86 94 0.6390011873162014
86 95 -0.5845812186910839
87 13 0.665368948106994
87 36 -0.8541170084478235
87 88 0.777031691429014
87 89 -0.533287928318633
87 90 0.5678800856376617
87 91 0.6186806633035392
87 92 -0.6658642160892617
87 93 0.7227339361596237
87 94 0.6151055907115748
87 95 -0.5483244380362654
88 13 0.7110762457300973
88 36 -0.769628903936738
88 89 -0.623503437345966
88 90 0.6619054061495594
88 91 0.6927534437339533
88 92 -0.7551461561960962
88 93 0.766287778438678
88 94 0.6820464344848784
88 95 -0.5902846256268265
89 13 -0.6177202794256443
89 90 -0.5904344509710764
89 91 -0.59582208081931
89 93 -0.612024981236905
89 94 -0.5246591617809104
90 13 0.735189745319063
90 36 -0.5981137299000813
90 91 0.6560560331402807
90 92 -0.5790613988116426
90 93 0.6258568439095682
90 94 0.6356437416460319
90 95 -0.6940759235515597
91 13 0.6866353148317427
91 36 -0.0492768977895609
91 92 -0.6367432278912606
91 93 1.2971591241605414
91 94 0.5845038810398139
91 95 -0.6130089963364276
92 13 -0.6149186412567441
92 93 -0.6882621099766663
92 94 -0.6067666465684481
93 13 0.7285085611482524
93 36 -0.022908939914765725
93 94 1.4735930640987676
93 95 -0.6289178329450471
94 13 0.668417279632996
94 36 -0.5962505295369152
94 95 -0.5940379176801435
95 13 -0.7970930389736622
96 82 0.804031770440668
96 97 -0.7441721308941625
96 98 -0.7397875941399685
97 82 -0.7197375270699339
98 82 -0.7518167533895905
102 103 0.7691319382958585
102 104 0.6764230387806092
102 105 0.11524553749316013
102 106 0.751837292657352
102 107 -0.08568738969125755
102 108 0.652455979059042
102 109 0.7066120346992194
102 110 -0.1539857725191256
102 111 0.524904917740312
102 112 0.7519321417159428
102 113 0.6786152551715201
102 114 0.5270634608523397
102 115 0.6626052749321999
102 85 0.7965616151412175
102 116 0.7252448649509395
102 117 0.7464691144515148
103 104 0.6622410416051413
103 105 0.7954942666221619
103 106 0.7530082458084649
103 107 0.7216784357605346
103 108 0.7497450804962558
103 109 0.7968452405677167
103 110 0.7147000431735289
103 111 0.6220039703998189
103 112 0.7911129593533238
103 113 0.7337539195728163
103 114 0.641787255278921
103 115 0.7083676457001528
103 85 0.7415550070021419
103 116 0.6567153930399845
103 117 0.8142060637156497
104 105 0.6654951299558882
104 106 0.6878805154883008
104 107 0.6283851265508937
104 108 0.6762004418560221
104 109 0.5959759229548519
104 110 0.6035792231292001
104 111 0.5771431307066723
104 112 0.6834010481525272
104 113 0.7596460580489212
104 114 0.5503758186005397
104 115 0.6338245272241734
104 85 0.6665739767026311
104 116 0.6452919840518868
104 117 0.7424532770781617
105 106 0.7674234986330631
105 107 1.419006716623728
105 108 0.690666469054916
105 109 0.7450198236751113
105 110 1.340926685982645
105 111 0.5328311870097481
105 112 0.7810590407413118
105 113 0.6844805316600753
105 114 0.6080063611161289
105 115 0.6631491345433265
105 85 0.7764098106152212
105 116 0.7028708422532373
105 117 0.7495913070973979
106 107 0.7420325273339501
106 108 0.6667628633876246
106 109 0.6632700418465143
106 110 0.7485592955505603
106 111 0.5985885237577147
106 112 0.7422723764378134
106 113 0.702527939728449
106 114 0.5773530494203988
106 115 0.7304626101419683
106 85 0.7675889224553968
106 116 0.7885016792848323
106 117 0.7774268978765446
107 108 0.7125228929377878
107 109 0.6925125572993959
107 110 1.4937355950105666
107 111 0.5440702419826824
107 112 0.7791743874393836
107 113 0.6793895959724371
107 114 0.6096859350357453
107 115 0.6333243250612157
107 85 0.6940357804069881
107 116 0.6120780110234808
107 117 0.7267729043821822
108 109 -0.07156811662540419
108 110 0.7092874533398998
108 111 0.666610461922215
108 112 0.6765187707600759
108 113 0.7365493026705799
108 114 0.5798114025299639
108 115 0.6472562354669363
108 85 0.6660354097257933
108 116 0.6453224218343517
108 117 0.7252207045549668
109 110 0.6241375673272083
109 111 0.5390065777328464
109 112 0.7569564422427152
109 113 0.6601225595547834
109 114 0.649475923098121
109 115 0.6278631555596473
109 85 0.7190097328801067
109 116 0.6066105238740331
109 117 0.7778146104087066
110 111 0.5985828617806673
110 112 0.6448775529855046
110 113 0.6667280793189556
110 114 0.5462848001877347
110 115 0.6731054782746089
110 85 1.3875561283338635
110 116 0.6176300644866607
110 117 0.6895048022269794
111 112 0.5439380388908973
111 113 0.56259047794567
111 114 0.4711470682391672
111 115 0.5809754709493028
111 85 0.5585622239747978
111 116 0.516152618567074
111 117 0.6266867497203554
112 113 0.7070556282990476
112 114 0.6373210688247821
112 115 0.6808499097695403
112 85 0.7697597819902262
112 116 0.6782913207993132
112 117 0.7915058135978937
113 114 0.5866849303495262
113 115 0.6382864713554086
113 85 0.6776474971324358
113 116 0.6541982889167315
113 117 0.7558117508888187
114 115 0.5317117179857374
114 85 0.6367841850334
114 116 0.497302219948224
114 117 0.6546767794003195
115 85 0.6787703880780872
115 116 0.6536843180530936
115 117 0.7378843426571823
116 85 0.722248900022475
116 117 0.7023293375960291
117 85 0.7970162478505929
118 105 -0.7560734936671736
118 6 -0.6982092464097754
118 107 -0.6765593352993341
118 119 -0.6796774511437534
118 120 -0.46603227956856064
118 110 -0.6809440805557689
118 123 -0.7895805058475615
119 102 -0.7387706003283242
119 105 0.6598581947687228
119 6 0.7008920001713314
119 107 0.7157201633741179
119 120 0.39696622338974663
119 110 0.7708805708345879
119 121 -0.8076989359896706
119 122 -0.7221564198611277
119 123 0.682740778847646
120 102 -0.4623172979800025
120 105 0.5017921433998136
120 6 0.47486561078019224
120 107 1.2584064728556035
120 110 0.45415877024291756
120 121 -0.43032747036037305
120 122 -0.4575471143941233
120 123 0.4136523266339142
121 105 -0.6840808221438249
121 6 -0.6720805580910095
121 107 -0.7106814640323642
121 110 -0.7119526089212979
121 123 -0.7076934418740649
122 105 -0.6519250672536182
122 6 -0.6319631351033407
122 107 -0.6803451099990278
122 110 -0.6879506232961053
122 123 -0.6909664854531536
123 102 -0.6736226764211704
123 105 0.7393054200312601
123 6 0.7119565009954482
123 107 0.7218579690286457
123 110 0.7126910601495484
124 93 0.6163234692654401
124 125 0.7240471243855251
124 126 0.6537395715710749
124 127 0.6205615997311841
124 128 0.7155562827466886
124 85 0.7823963761326351
124 129 0.8766502737983464
124 110 0.8011038300292223
124 66 0.8546829223550696
124 47 0.8394588631938485
124 130 0.7513070106499317
124 131 -0.6798322334158149
124 132 0.6970343589756509
124 133 -0.48132663548681354
124 6 0.7856662869450124
124 32 0.7438321709621625
124 134 0.7288050165166766
124 135 0.7558421492571763
125 93 1.3758674216299496
125 126 0.632376372814175
125 127 0.5790880918502777
125 128 0.6977641697318527
125 85 0.7669203877448989
125 129 2.29674779618759
125 110 0.7587136027280411
125 66 0.752141833298445
125 47 0.7787746483261484
125 130 1.4602071642764223
125 131 -0.787585603766556
125 132 0.7527703642819981
125 133 -0.4822766185428158
125 6 0.7333492636680563
125 32 0.6409075856201771
125 134 0.7428802352088408
125 135 0.6632118821142616
126 93 0.6237867456301197
126 127 0.684300661087036
126 128 0.6649463570281156
126 85 0.6652082800865168
126 129 0.6202070713034858
126 110 0.6406848428170586
126 66 0.6564553379952204
126 47 0.6748832667503142
126 130 0.6133593320843399
126 131 -0.6809528778119116
126 132 0.6534087657906651
126 133 -0.40063159183641817
126 6 0.6614767313003539
126 32 0.6173277497284827
126 134 1.39530797492421
126 135 0.569335758685941
127 93 0.5620359761956566
127 128 0.5733429418052398
127 85 0.6586671471595759
127 129 0.6103614568702105
127 110 0.6104955074824423
127 66 0.6321062445582493
127 47 0.651226205335398
127 130 0.5682508945462162
127 131 -0.6107311129111527
127 132 0.5356711745244261
127 133 -0.4704750172242861
127 6 0.6670151352882385
127 32 0.6332805156700851
127 134 0.6136713810502934
127 135 0.541277945041538
128 93 0.5779024388549666
128 85 0.7213098779307768
128 129 0.7402949288495043
128 110 0.7082962360671439
128 66 0.721161521008221
128 47 0.7521719121261236
128 130 0.7627579385866016
128 131 -0.695079540292001
128 132 0.6855396988718537
128 133 -0.43949637926771556
128 6 0.6881569442743855
128 32 -0.09800585785185745
128 134 0.7087744545925514
128 135 0.6203556902247821
129 93 0.5965310913740565
129 85 0.8736921548831609
129 110 0.7804605957835142
129 66 0.8721325397399585
129 47 0.9071634715574723
129 130 0.7626200914368736
129 131 -0.725249945476408
129 132 0.7137203216519291
129 133 -0.5063833684012489
129 6 0.7745348215092717
129 32 0.7980520725230784
129 134 0.7433970670481993
129 135 0.7938005924212422
130 93 1.3410140229136582
130 85 0.7003641724582875
130 110 0.6985833046131364
130 66 0.7432959675716766
130 47 0.779671411525604
130 131 -0.6719296195721782
130 132 0.6857291460010806
130 133 -0.4183495527413555
130 6 0.6825076341625514
130 32 0.6576493978489802
130 134 0.6992499361678651
130 135 0.6824050545687437
131 93 -0.681412873376883
131 85 -0.7688964375050444
131 110 -0.7033255402534871
131 66 -0.7671666345265973
131 47 -0.7520023686697378
131 132 -0.7542983830951359
131 6 -0.6588507072517059
131 32 -0.6447534715355757
131 134 -0.7561165118819827
131 135 -0.6101333961713232
132 93 0.6193197351430776
132 85 0.728414118287515
132 110 0.7640227672475317
132 66 0.7363402247336662
132 47 0.7574692211512568
132 133 0.23005941344493924
132 6 1.4456036686873126
132 32 0.6591696739167575
132 134 0.7575146050334991
132 135 1.334746301171783
133 93 -0.4533189537642546
133 85 -0.49968096271695955
133 110 -0.5349497653886454
133 66 -0.5056264978717857
133 47 -0.5458751029907016
133 6 0.10465655151133435
133 32 -0.5155825583330552
133 134 -0.5127296513546455
133 135 0.150551361972173
134 93 0.6473428156027603
134 85 0.7194972154146747
134 110 0.7304127918170676
134 66 0.7393053276609368
134 47 0.8144290667668782
134 6 1.4039300488333395
134 32 0.6835323115984407
134 135 0.5949474772132175
135 93 0.47247761349682527
135 85 0.6921188831327825
135 110 0.7463199493398546
135 66 0.7586683034825491
135 47 0.7408148516087805
135 6 1.500713944434883
135 32 0.6500362157813138
136 137 0.6767637435627668
136 113 0.6822798799323363
137 113 0.667861521244049
138 143 0.8450768589972524
138 203 -0.7854878343465038
138 91 0.6949199703143598
138 204 0.7743960022925493
138 205 0.8007415533064901
139 140 1.6942561852596403
139 68 1.3980109683224091
139 125 1.5532404182373434
139 63 1.626940429140722
139 141 0.8942573035939838
139 142 0.8560200332856555
139 143 0.7166506647445212
140 68 1.514059839735718
140 125 1.5914510476423263
140 63 1.649718819929948
140 141 0.8929698432125818
140 142 0.8802196974822206
140 143 0.7102195020697685
141 68 0.7838480889851002
141 125 0.8082503097802134
141 63 0.8255018235989287
141 142 0.9024634915266136
141 143 0.6893875316006878
142 68 0.811620353762091
142 125 0.7574278711063567
142 63 0.804430842399597
142 143 0.6584245562553404
143 68 0.5195009702705833
143 125 0.6443546413346728
143 63 1.0855795144830906
144 125 0.6888378256955766
144 129 0.7396644284357649
145 133 -0.7048320206037612
145 103 0.682840193525705
146 63 -0.699800030972085
146 147 -0.5369451512842782
146 148 -0.5893877522544861
147 63 0.601773304376191
147 70 -0.5436194563455189
147 148 0.4826975702551242
148 63 0.7038422982340989
148 70 -0.6179904973914049
149 58 -1.5774322667720329
149 151 -0.8181501211391691
150 58 -1.3616042390406013
150 151 -0.7977665634107355
151 58 0.8898827403285051
152 26 -0.7766081419407131
152 153 -0.7509177130888793
152 154 0.6874827598736482
152 155 0.7791942717324417
152 156 -0.7624552509991734
152 157 -0.6254927780241779
152 158 0.6769976048688751
152 58 0.8674425016620566
152 36 0.664900040419847
152 93 0.8427570608211268
152 159 0.8300252784014667
152 150 -0.6847706027405341
152 11 0.8632264278202652
152 149 -0.7818948395267791
152 91 0.6925912206121942
153 154 -0.6773618746121642
153 155 -0.6972640722140862
153 158 -0.6969900696624106
153 58 -0.7421574559912921
153 36 -0.6566513389109161
153 93 -0.7316113060262021
153 159 -0.7292853561767161
153 11 -0.6815241545281521
153 91 -0.7013784927008258
154 26 -0.6529652303511709
154 155 0.6926042338577721
154 156 -0.6911144757957632
154 157 -0.5616833863415038
154 158 0.6288144129086184
154 58 0.6863571046692714
154 36 0.6515373405158221
154 93 0.6314578907000982
154 159 0.7009381102946193
154 150 -0.45532671339635383
154 11 0.6017274668084804
154 149 -0.6935150957844326
154 91 0.7121648900365753
155 26 -0.747354507956257
155 156 -0.7745447572069611
155 157 -0.623268706854887
155 158 0.6891800761214435
155 58 0.7060709595630345
155 36 0.651740829588329
155 93 1.5180110345718865
155 159 0.7828349471092206
155 150 -0.560154678336081
155 11 0.7132201790809614
155 149 -0.7230419610720615
155 91 0.6711967910596143
156 158 -0.6998090808906768
156 58 -0.7056632087376439
156 36 -0.7244491190921203
156 93 -0.7488552526895359
156 159 -0.7257040718135676
156 11 -0.7459597499530832
156 91 -0.6768574580400016
157 158 -0.6861062745220485
157 58 -0.5782685792360184
157 36 -0.6699431349289823
157 93 -0.5473988359837219
157 159 -0.7208493093613949
157 11 -0.5383993225603048
157 91 -0.562323059042722
158 26 -0.6775334593410036
158 58 1.3240605434668846
158 36 0.6806804263596394
158 93 0.6619951647389207
158 159 0.757499694823296
158 150 -0.4911028845602511
158 11 0.6377209424964765
158 149 -0.6413342053784905
158 91 0.6363705733930617
159 26 -0.8251175762023853
159 58 0.7756009697859328
159 36 0.709425257793201
159 93 0.7536894892776907
159 150 -0.6046454819627884
159 11 0.7588167190551749
159 149 -0.7418605956411464
159 91 0.6952666953619543
160 143 -0.6539339205137716
161 143 -0.798402396880435
162 163 -0.6924261323141259
162 164 -0.6102008775541847
162 143 -0.5599014157919262
162 63 -0.7846428148480035
162 99 -0.8317803133717866
162 167 -0.7280043355801368
162 134 -0.7718231170843786
162 126 -0.7327582773641219
162 169 -0.8218767109838754
162 170 -0.6607122348933966
163 164 0.7492808858446368
163 36 -0.7232104351291868
163 143 0.5933412046928838
163 63 0.7101605777569321
163 99 0.8133916450702586
163 165 -0.7821227404619845
163 166 -0.8061434910086385
163 167 0.7376150046013731
163 134 0.7125581613218863
163 168 -0.6596124981560791
163 51 -0.7161768635551824
163 126 0.7019612152123513
163 169 0.8398844757311251
163 170 0.7826922892629199
164 36 -0.6745667820686841
164 143 0.5091015068345833
164 63 0.702305312467676
164 99 0.75305801126066
164 165 -0.6373768568837025
164 166 -0.7583038043135844
164 167 0.7215414000568161
164 134 0.6447157938509371
164 168 -0.5982726770705913
164 51 -0.7363513063689753
164 126 0.6758979755111187
164 169 0.7467664173348988
164 170 0.7500333663390587
165 143 -0.5445142327778748
165 63 -0.7614714287323816
165 99 -0.7911650730153617
165 167 -0.6810765073754136
165 134 -0.7437653953947038
165 126 -0.6964811978686213
165 169 -0.8397813763684197
165 170 -0.7096877534892646
166 143 -0.600683199589244
166 63 -0.7323279808169473
166 99 -0.7945226471134876
166 167 -0.7799931766732343
166 134 -0.6833508036220514
166 126 -0.7286667412206834
166 169 -0.8693745106018946
166 170 -0.7407888527411142
167 36 -0.7748339109330789
167 143 0.7610419391352609
167 63 0.7112703918009204
167 99 0.8333936925182673
167 134 0.6610709167282857
167 168 -0.6173720950828802
167 51 -0.7576556202565179
167 126 0.7427634426628129
167 169 0.7849566540283016
167 170 0.7563856166944244
168 143 -0.4485211071408387
168 63 -0.690118550777152
168 99 -0.6681649081932766
168 134 -0.6947979922651326
168 126 -0.6130045066955645
168 169 -0.6997840306531463
168 170 -0.6483599474240961
169 36 -0.7260898924670734
169 143 0.6117429355519424
169 63 0.8335292368127296
169 99 0.8994517714673692
169 134 0.7915521183727591
169 51 -0.7572278677680103
169 126 0.770298114907707
169 170 0.8231374604660711
170 36 -0.6475888958129765
170 143 0.6332968409837889
170 63 0.7722967785257391
170 99 0.8080426966372446
170 134 0.6930357446161941
170 51 -0.722077481461548
170 126 0.7120417077766679
171 147 -0.6004837241677492
171 172 -0.5085701915676698
171 173 -0.6158217556158236
171 174 -0.7630922405324351
171 178 -0.5262295782388801
171 180 -0.5855488354329647
172 27 -0.5756197283251545
172 65 -0.6118405495356087
172 147 0.6899480260706323
172 173 0.5516524975709852
172 36 -0.5999683889658345
172 126 -0.6332460956397082
172 174 0.6740858664637688
172 175 -0.6986314635557849
172 176 -0.6199355267005295
172 177 -0.6493583915588668
172 178 0.6612018379247557
172 118 -0.6949639659989418
172 179 -0.5884155095535545
172 180 0.6823645541508412
172 181 -0.5950487816018405
172 182 -0.5255393345228536
173 27 -0.6234047557940948
173 65 -0.5988712962516299
173 147 0.6932270198196869
173 36 -0.6172278882796155
173 126 -0.6646599921328354
173 174 0.6358309305737754
173 175 -0.6589183534690142
173 176 -0.5980232663044024
173 177 -0.6000760096168747
173 178 0.551955781231371
173 118 -0.7101886457190686
173 179 -0.6479715246170877
173 180 0.5822596920615466
173 181 -0.5052113673858835
173 182 -0.5272515764795696
174 27 -0.7670404337800897
174 65 -0.6386631139122642
174 147 0.7351507336068477
174 36 -0.7393303567783135
174 126 -0.7738241127186479
174 175 -0.8165899619421995
174 176 -0.7018993348891324
174 177 -0.7899192588515911
174 178 0.7362257379244246
174 118 -0.8230774632379305
174 179 -0.6915821530490622
174 180 0.7340019105646683
174 181 -0.5915721919983671
174 182 -0.5811700021326527
175 147 -0.7120987219877132
175 178 -0.6882858281711542
175 180 -0.7122917672425507
176 27 0.7465423930620809
176 147 -0.7342384142066017
176 178 -0.6179160933774546
176 180 -0.6419032845905251
177 147 -0.699767349825452
177 178 -0.6540013734802101
177 180 -0.7011103578709796
178 27 -0.7080856747660279
178 65 -0.6004365460206826
178 147 0.7023239246140045
178 36 -0.6571573276335249
178 126 -0.7138804862404108
178 118 -0.7521857260384314
178 179 -0.6079092979648048
178 180 0.6969673002620769
178 181 -0.5661813431688001
178 182 -0.5823446386702146
179 147 -0.6607786185670886
179 180 -0.6438493399938613
180 27 -0.693091198027035
180 65 -0.6364530747979452
180 147 0.7034743578643993
180 36 -0.678544267312616
180 126 -0.7022899582839701
180 118 -0.7229297248525994
180 181 -0.569936924441688
180 182 -0.5289101974999385
181 147 -0.5263877703864067
182 147 -0.5583811025556498
183 184 0.7310311512474115
183 185 -0.6410462508607881
183 186 0.674475463996176
183 187 0.6023225011884136
183 107 0.6760528136422247
183 188 -0.7654206799468775
183 6 0.7052987412526437
183 189 0.7313324465526884
183 190 -0.7960508585884818
183 191 0.6892311235658124
183 192 0.8232464465701385
183 134 0.6874297330087892
183 160 -0.7233231929761984
183 193 -0.6544348000945779
183 11 0.7254956898863031
184 185 -0.6978084230876068
184 186 1.3395780863687627
184 187 0.6830780627476916
184 107 0.7300327121793347
184 188 -1.5640995182505018
184 6 1.3331636596382315
184 189 0.744211601429244
184 190 -0.8340074648356967
184 191 0.761910574952178
184 192 0.8241827920139927
184 134 0.7046308890175703
184 160 -0.7281745769579033
184 193 -0.6950204771607941
184 11 1.2288849639559931
185 186 -0.5666293986533368
185 187 -0.5948278788469401
185 107 -0.6757816268256192
185 6 -0.66790101734913
185 189 -0.604952800305613
185 191 -0.6079401212121693
185 192 -0.667993491506301
185 134 -0.5927069995828702
185 11 -0.610050240940203
186 187 0.623318492944365
186 107 0.6308521924187187
186 188 -1.4261654715357508
186 6 1.2869857467871575
186 189 0.6508848065149597
186 190 -0.7174614722290242
186 191 0.7003192250480093
186 192 0.7597609748571149
186 134 0.6132974462180487
186 160 -0.6103159186404636
186 193 -0.672900135053701
186 11 1.2643825224929255
187 107 0.7030727239355691
187 188 -0.6869076035179956
187 6 0.626762023969987
187 189 0.6025707121592497
187 190 -0.7102679814225862
187 191 0.706864590021689
187 192 0.7373204555773453
187 134 0.6049047973041879
187 160 -0.6603330372286907
187 193 -0.6740049544726151
187 11 0.69102618532955
188 107 -0.7771993258184606
188 6 -1.5832846508315983
188 189 -0.7594392471997261
188 191 -0.8468271388780096
188 192 -0.8142094130422277
188 134 -0.7333007316005595
188 11 -1.3506260903112395
189 107 0.797260995759462
189 6 0.7316061156908888
189 190 -0.7798401855803393
189 191 0.7047495786554994
189 192 0.8028906920359606
189 134 0.7151328427505629
189 160 -0.7355778213926008
189 193 -0.6125787082247416
189 11 0.6617771192209585
190 107 -0.7865870961894358
190 6 -0.7544368309557068
190 191 -0.8037930137233249
190 192 -0.8671333151276167
190 134 -0.7149615155525789
190 11 -0.7905587358080094
191 107 0.7160860650720509
191 6 0.7067898960831568
191 192 0.8020314451669517
191 134 0.7166159751524794
191 160 -0.7233200615672247
191 193 -0.7759742948151656
191 11 0.7485795784295547
192 107 0.7628155328537012
192 6 0.7705754138322288
192 134 0.7710995237163992
192 160 -0.7851808573851188
192 193 -0.7575528216316695
192 11 0.7975043694671302
193 107 -0.6519390300498343
193 6 -0.656821835410247
193 134 -0.6924690902520642
193 11 -0.7088367726474486
194 6 0.7950394153555018
194 112 0.8565977811758513
194 188 -0.9119948910183484
194 184 0.8010340928949656
194 195 0.8598322868160863
194 196 -0.8550226683801286
194 197 -0.90169919146126
194 52 0.6810114383590372
194 198 0.8127852082211658
194 11 0.6265002477634851
194 199 0.8600617051081098
194 135 0.7484396100005911
194 200 0.7020683288538938
194 201 0.8574519753412704
194 78 0.7314271326780093
194 132 0.8715115785554818
194 133 0.725311684457385
194 202 0.8288569596845028
194 186 0.704744458194582
195 6 0.7364137768622864
195 112 0.8372303843347364
195 188 -0.7998739880800897
195 184 0.705758869632581
195 196 -0.8052681090859817
195 197 -0.8135245234785774
195 52 0.67462670801225
195 198 0.704690992820456
195 11 0.6099668133956074
195 199 0.757817149149658
195 135 0.7855322360860935
195 200 0.7495649456853097
195 201 0.808441936956272
195 78 0.7391658421149018
195 132 0.788928866373271
195 133 0.6735672777108704
195 202 0.7289619826911387
195 186 0.6513981222994056
196 6 -0.7682666899347521
196 112 -0.8060270449293809
196 184 -0.7740447974399476
196 52 -0.6487446343047338
196 198 -0.7686488314147848
196 11 -0.5704261271957011
196 199 -0.7863887039645154
196 135 -0.7044018892096475
196 200 -0.6974892991816795
196 201 -0.8327624518721246
196 78 -0.7035102847837665
196 132 -0.8535440090008382
196 133 -0.7007410706504723
196 202 -0.7793180121549208
196 186 -0.6715717653139445
197 6 -0.8287755638753634
197 112 -0.8541394453910875
197 184 -0.7948639365218625
197 52 -0.6666993142081237
197 198 -0.7742503556627178
197 11 -0.6525901409587425
197 199 -0.8554382693020188
197 135 -0.7512429491951798
197 200 -0.7420935501586444
197 201 -0.8239673936519338
197 78 -0.7410281668102046
197 132 -0.8486926877377957
197 133 -0.7336525389866798
197 202 -0.7844684921675096
197 186 -0.7606320935918007
198 6 0.6243953704833983
198 112 0.7176004648198737
198 188 -0.7872186554060729
198 184 0.8127902746158491
198 52 0.5323821902218084
198 11 0.5023348322291822
198 199 0.8522769212722525
198 135 0.5574778318404608
198 200 0.6034026741981506
198 201 0.7188712358474459
198 78 0.6213850971624324
198 132 0.8039696812629569
198 133 0.6562724750230531
198 202 0.7367289440956378
198 186 0.5995615124698848
199 6 0.7869948148727184
199 112 0.8070777654636474
199 188 -0.8850375636545792
199 184 0.8411293029741369
199 52 0.6392163038185154
199 11 0.5565419782980793
199 135 0.6659609079360116
199 200 0.7045445442199498
199 201 0.771653413772531
199 78 0.6894090171842612
199 132 0.8075702190398799
199 133 0.6671020950153225
199 202 0.7582936464002045
199 186 0.7219728231425497
200 6 0.7594170570373534
200 112 0.770422637461555
200 188 -0.6816686702889089
200 184 0.567887961861532
200 52 0.6667881607937947
200 11 0.7060290562153703
200 135 0.7885459065436549
200 201 0.6867019534110763
200 78 0.6593914028361415
200 132 0.6959012150764352
200 133 0.5657360397450256
200 202 0.6054779323007016
200 186 0.697937071322975
201 6 0.7425259351730066
201 112 0.7936516404140688
201 188 -0.7817101193908683
201 184 0.7146118879280978
201 52 0.6877821683809766
201 11 0.5860425819201244
201 135 0.7292400002478568
201 78 0.7700660224500188
201 132 0.8323758840560463
201 133 0.6867447561366433
201 202 0.7285058895183234
201 186 0.6686283349986569
202 6 0.6784378680106979
202 112 0.6997051325988707
202 188 -0.8055525841278872
202 184 0.7477644723781155
202 52 0.5587228483629995
202 11 0.5402289707413026
202 135 0.6076029907301658
202 78 0.6435506752176547
202 132 0.778482031783491
202 133 0.6543991478044557
202 186 0.6218195006032256
203 143 -0.8084901657278503
203 91 -0.685703355814992
203 204 -0.7424061461148912
203 205 -0.7438811634622458
204 143 0.7797844409942616
204 91 0.7345019828963251
204 205 0.7131601572036717
205 143 0.8407052755355793
205 91 0.6428815190319287
206 125 0.7794915437607808
207 89 -0.7951877969731928
207 208 0.6315450072277065
207 209 0.8839270436052282
207 120 0.7993886600518781
207 155 0.86528503893606
208 89 -0.5518622928063228
208 209 0.6639039489065751
208 120 0.6899967671691808
208 155 0.6841185092843559
209 89 -0.746707216918904
209 120 0.8337101442864255
209 155 0.8638482058076827
210 129 0.8541457053673451
210 125 0.708688378058386
210 189 0.6905520473365299
210 90 0.7968701309449389
213 214 -0.718510166323682
213 20 -0.544610798958612
213 135 -0.6732011553317455
214 79 -0.7587431000870654
214 98 -0.631089856401559
214 20 0.5470193790336207
214 135 0.6934459253942755
215 106 -0.6969651666868025
216 63 0.8273511528954536
216 67 0.6901030360027043
216 36 -0.7870877855818899
216 208 0.7823298573481411
216 217 0.7101340889919037
216 218 0.812267541147671
217 63 0.739993989467483
217 67 0.6150416503767125
217 36 -0.7343861146135371
217 208 0.6891830563544782
217 218 0.7684160463995562
218 63 1.6804876915704612
218 67 0.7609909344664884
218 36 -0.8214329019639182
218 208 0.8315654389471638
219 93 -0.7139041140118555
219 140 -0.7095856266130242
219 94 -0.725744036583377
219 139 -0.7124437377956537
219 27 -0.7445355011764033
219 218 -0.7643349760533027
219 63 -0.6510650547106069
219 176 -0.5921232609785289
219 130 -0.6930556025357458
219 14 -0.610831314781881
219 220 -0.6458996593992394
219 71 -1.3929617541015173
219 221 -0.6757407172897109
219 222 -0.6106047043179824
219 223 -0.7241964345825194
219 224 -0.6416451716976032
219 225 -0.6976293065626364
219 125 -0.601486015607506
219 75 -0.7033354817913516
219 226 -0.7309337071347086
219 155 -0.7219696532343293
219 68 -0.6338620702956366
220 93 0.7257330973760955
220 140 0.7409479599884596
220 94 0.7060782897782644
220 139 0.7571693050503938
220 27 0.7920575129017015
220 218 0.7878395902244335
220 63 0.7595913993915587
220 176 0.6899973132759741
220 130 0.7023014414739894
220 14 0.6864985812496278
220 71 0.7537420935089439
220 221 0.656389175768875
220 222 0.6298199881830829
220 223 0.7170883405415239
220 224 0.6619870055848439
220 225 0.7123009441631536
220 125 0.6844743479119597
220 75 0.730962096456725
220 226 0.7499564873901496
220 155 0.7076235402076402
220 68 0.6305066932944097
221 93 0.8111870853279137
221 140 0.7824851863871924
221 94 0.7703266143479418
221 139 0.7621235251284268
221 27 0.8313131928240667
221 218 0.8163360357120178
221 63 0.7516763210156153
221 176 0.6269788732753285
221 130 0.7397260069600498
221 14 0.6401928663131659
221 71 0.6932204328103739
221 222 0.6935552358497705
221 223 0.7676197886231587
221 224 0.7233769893446079
221 225 0.7258929235087047
221 125 0.6987294554579807
221 75 0.7476602792572077
221 226 0.7745301127257781
221 155 0.7642367482042519
221 68 0.695171236978872
222 93 0.7514215678632545
222 140 0.6851567024245171
222 94 0.7988172173318124
222 139 0.7464067339897156
222 27 0.763573646541012
222 218 0.7324901223172083
222 63 0.6565270423889159
222 176 0.6129216542791884
222 130 0.6837766766447986
222 14 0.6390271782872582
222 71 0.617893394465827
222 223 0.7442692518145112
222 224 0.7762835621764075
222 225 0.6816922839556603
222 125 0.7149885892868042
222 75 0.6834617257092569
222 226 0.6772699356051777
222 155 0.7478939294815042
222 68 0.6298829913139173
223 93 0.7874107330203189
223 140 0.8212189667437758
223 94 0.8684673309024356
223 139 0.8384178876776414
223 27 0.8688103556478894
223 218 0.8501587509994828
223 63 0.7741803526785632
223 176 0.708545624162203
223 130 0.8162822723171324
223 14 0.7140538692386071
223 71 1.5165359851859468
223 224 0.7606335282166322
223 225 0.7918465891748244
223 125 0.7603100538162723
223 75 1.6531170731632354
223 226 0.8449501395090235
223 155 0.8637898564235205
223 68 0.6990974545394901
224 93 0.7812657921934487
224 140 0.7518441074716142
224 94 0.8400582670898682
224 139 0.8068267106937418
224 27 0.8194769620774578
224 218 0.7964058518326677
224 63 0.7485833167962546
224 176 0.7159543622896847
224 130 0.7979938387682209
224 14 0.655501067632255
224 71 0.6702239477083926
224 225 0.7393262905231047
224 125 0.8014445900845067
224 75 0.8046740293400325
224 226 0.7339763045215435
224 155 0.7507700920037526
224 68 0.6993907689985209
225 93 0.7401506532323516
225 140 0.7671258818806191
225 94 0.8007340645889919
225 139 0.8416355910309832
225 27 0.8477861681301331
225 218 0.8470200583063876
225 63 0.766730297903269
225 176 0.6737373117437858
225 130 0.84653891797429
225 14 0.706165757616229
225 71 0.7661763338383196
225 125 0.6887297866367372
225 75 0.8074481537237254
225 226 0.8148289995527623
225 155 0.8008738075679216
225 68 0.6765072304738496
226 93 0.8152680961424361
226 140 0.8260201208829371
226 94 0.8127462267657771
226 139 0.8240778446164262
226 27 0.8502433299935034
226 218 0.8812676668118813
226 63 0.7695179581611102
226 176 0.6603084792917154
226 130 0.8009424209445077
226 14 0.699623405930286
226 71 0.7700697737970534
226 125 0.7186658382386777
226 75 0.7959967851576799
226 155 0.7981342077223026
226 68 0.7690468430487869
227 63 -0.8278994871838194
227 208 -0.7860612779908829
228 63 -0.81780904061245
228 208 -0.7661052367820573
229 216 -0.6218746996874556
229 230 -0.8552448168164046
230 102 -0.8711145086153574
230 216 0.6530150165860734
230 225 -0.8601291192438116
230 228 -0.810778815141233
230 231 -0.679917564779679
230 232 -0.7173134266554693
230 233 -0.6954101134826974
230 234 -0.6637527855791091
230 235 -0.6720238171867984
230 236 -0.8195660025237033
230 44 -0.8016143622010657
230 105 -0.7040898714744931
231 216 -0.4627041406121635
232 216 -0.5521410331771874
233 216 -0.5274758459372241
234 216 -0.6114203345714756
235 216 -0.5560784230661432
236 216 -0.6380179613059973
237 141 0.8133031975433729
237 223 0.7991215903149353
237 159 0.7452596761339859
237 60 0.8091845898213668
237 216 0.7476097083813366
237 78 0.824568667300365
245 90 0.6944339551931991
245 65 0.6928857063454876
245 246 0.6109935795848485
245 170 0.6936507934182501
245 67 0.6855030209039765
245 247 0.6455666833872375
245 107 0.7196629396396458
245 120 0.6865752574092016
245 223 0.7535852386816816
245 60 0.664262330144852
245 145 0.7576377349742828
246 90 0.7456719875333525
246 65 0.8566025464993332
246 170 0.8471773266791777
246 67 0.7651977500238684
246 247 0.6159064653701607
246 107 0.7943824421615723
246 120 0.7052247487610099
246 223 0.7511414868008635
246 60 0.5845664783951606
246 145 0.7096464037835942
247 90 0.6605314332958336
247 65 0.7118240406499192
247 170 0.6918293006360872
247 67 0.6715102905918037
247 107 0.7265604714894685
247 120 0.6430228940711993
247 223 0.7462961030689357
247 60 0.6059087024388189
247 145 0.7466350740544181
256 244 0.7835841303446065
256 257 -0.7515836803097492
256 258 0.6852141594423596
256 259 -0.7057560061216761
256 260 -0.7753080698168171
256 146 -0.6749970267551061
256 99 -0.632658141850697
256 261 -0.6593308531873091
256 228 -0.6215254046326496
256 262 -0.6710979935061377
256 263 -0.6512703872296914
256 264 -0.8331896037111919
256 265 -0.7067305230544286
256 266 -0.6647213673595664
256 128 -0.6581823679191203
256 267 -0.7639827105101596
256 268 -0.8703618812078544
256 269 -0.6222420875484864
256 270 -0.7740233147587854
256 71 0.5851150134312653
256 271 -0.7280612530094394
256 272 -0.7744165035126632
256 273 0.6950946425183853
256 274 0.6693808411842489
256 275 -0.5870218000147608
256 276 0.5883908308171363
256 277 -0.6559971359036323
256 278 -0.6779708242210237
256 114 -0.5825609495627407
257 244 -0.8245958585628562
257 258 -0.7684429275650375
257 71 -0.7378538455524218
257 273 -0.6993075241960228
257 274 -0.783709653243066
257 276 -0.7306879027670868
258 244 0.739242511851716
258 259 -0.6315741539001344
258 260 -0.7735203504561136
258 146 -0.7606934876434811
258 99 -0.6993782083859512
258 261 -0.6601767607151208
258 228 -0.7409929037091234
258 262 -0.717568395571439
258 263 -0.6725661158384962
258 264 -0.738377988338452
258 265 -0.6911497539407182
258 266 -0.6940702795710973
258 128 -0.6856837190652466
258 267 -0.7411883473372328
258 268 -0.6848184748652881
258 269 -0.5725273459306721
258 270 -0.6903421633449335
258 71 0.6492596268653248
258 271 -0.6426550690087869
258 272 -0.7144333719922235
258 273 0.6490184664358039
258 274 0.7297894357753943
258 275 -0.6377339968115747
258 276 0.6859355291139614
258 277 -0.7060702240058053
258 278 -0.6729674935340738
258 114 -0.5305888012590884
259 244 -0.7126647426466901
259 71 -0.7384588122367289
259 273 -0.7021302580435215
259 274 -0.7082660793403228
259 276 -0.6682916366917424
260 244 -0.7951132204914049
260 71 -0.7583743929861319
260 273 -0.7430841922337511
260 274 -0.826309621234222
260 276 -0.810836808125029
261 244 -0.6387624436621473
261 71 -0.6005035821640479
261 273 -0.6707127592367561
261 274 -0.7071942606339762
261 276 -0.6272483652614671
262 244 -0.734095230466082
262 71 -0.7164806705021998
262 273 -0.7182366231459716
262 274 -0.7897959269122177
262 276 -0.7273888783374381
263 244 -0.6591534241147831
263 71 -0.7228844165611614
263 273 -0.7422603368143258
263 274 -0.8060382007367984
263 276 -0.684078170610375
264 244 -0.8203317058494182
264 71 -0.6834871172904401
264 273 -0.7037330269414367
264 274 -0.7468429206900323
264 276 -0.6708138870803969
265 244 -0.7401167104076939
265 71 -0.7793910828553371
265 273 -0.7390353453246092
265 274 -0.8126943994608018
265 276 -0.6971311560500139
266 244 -0.671678862658986
266 71 -0.648681223367085
266 273 -0.692812502317816
266 274 -0.7610832451557963
266 276 -0.6702436391402514
267 244 -0.7976679946286527
267 71 -0.6507380604722532
267 273 -0.7150433063078545
267 274 -0.712541162879386
267 276 -0.6385712189424788
268 244 -0.7842706830562818
268 71 -0.6367461389634793
268 273 -0.7047272001285594
268 274 -0.716577139362272
268 276 -0.6649293606387243
269 244 -0.6096393088159102
269 71 -0.6073238221085193
269 273 -0.6388820375215456
269 274 -0.6744455658237656
269 276 -0.6603701458308351
270 244 -0.7563358154886173
270 71 -0.6636583572169947
270 273 -0.8214621884268848
270 274 -0.7659312900809068
270 276 -0.6287176321559087
271 244 -0.6350090939884878
271 71 -0.635811161111844
271 273 -0.7038820662511205
271 274 -0.7248713100515238
271 276 -0.6807166875310433
272 244 -0.7609991596067645
272 71 -0.6978256702144336
272 273 -0.6997318267146425
272 274 -0.7599595187874265
272 276 -0.6626761131806881
273 244 0.6845680683260207
273 146 -0.6797693345814361
273 99 -0.8246062478954737
273 228 -0.7479306458999918
273 128 -0.6137122460915747
273 71 0.6306048035263506
273 274 0.7349781988747291
273 275 -0.7385404652499735
273 276 0.603449180245687
273 277 -0.6927372613601762
273 278 -0.6932697295749369
273 114 -0.6623919550698274
274 244 0.7127540303134774
274 146 -0.8142874805305403
274 99 -0.7701189036466289
274 228 -0.7957757710447065
274 128 -0.7198572434112047
274 71 0.7254242300111088
274 275 -0.779445258459042
274 276 0.7477334647218618
274 277 -0.8048583632718244
274 278 -0.8027972578033373
274 114 -0.6540627424322203
275 244 -0.6759251925124383
275 71 -0.7749037452139075
275 276 -0.6690761848068761
276 244 0.6544727428395838
276 146 -0.7715212272897236
276 99 -0.6451014351385551
276 228 -0.6802657104943026
276 128 -0.7086650012060791
276 71 0.6313138487276461
276 277 -0.6955734021309811
276 278 -0.7159398788283754
276 114 -0.5864881143257192
277 244 -0.6957295538997565
277 71 -0.7222469241325647
278 244 -1.39764459800589
278 71 -0.8156313896178553
279 158 -0.669450005654295
279 280 -0.6987774307670115
279 281 -0.6854256962473065
279 282 -0.705269559083085
279 284 -0.6572718642547335
279 285 -0.557375193877377
279 286 -0.6951094522174894
279 287 -1.3353128488890447
279 288 -0.6839870697682351
279 58 -0.6705376713874233
279 289 -0.5737046667635027
280 265 -0.7692007999412984
280 255 -0.848653692583843
280 158 0.7428273465810429
280 281 0.8469171439531655
280 282 0.844967818083813
280 283 -0.8060276341627453
280 284 0.805394622833639
280 285 0.7142999354569445
280 234 -0.8135306270754159
280 286 0.8337885870528776
280 287 0.8664689537518017
280 288 0.8401376893872206
280 58 0.8244410219559563
280 289 0.7411874586162275
281 265 -0.743454230878695
281 255 -0.8572563745463269
281 158 0.7513925081292421
281 282 0.7954926515685632
281 283 -0.7937487352742345
281 284 0.7349277019612064
281 285 0.7085333982688032
281 234 -0.7709117408671529
281 286 0.7766142863492794
281 287 0.8257820327190435
281 288 0.8568065718244903
281 58 0.8048657687286206
281 289 0.7087774873098799
282 265 -0.7285562126561947
282 255 -0.8623406305855287
282 158 0.7453984107144535
282 283 -0.8171033276021806
282 284 0.7813276251738992
282 285 0.6997260540158743
282 234 -0.7654149200932658
282 286 0.7995218244623039
282 287 0.8506303286833149
282 288 0.7933436891087204
282 58 0.779534606392509
282 289 0.6540252288474473
283 158 -0.7062118551594597
283 284 -0.7035574674381156
283 285 -0.7010104498876468
283 286 -0.8075866841691712
283 287 -0.7983984992517377
283 288 -0.7825017873266947
283 58 -0.7849037113836823
283 289 -0.7446238417930243
284 265 -0.7194305937644602
284 255 -0.7576418681453427
284 158 0.6202782589118692
284 285 0.6429807894499919
284 234 -0.7383235734038717
284 286 0.7943771000240868
284 287 0.8352053105259958
284 288 0.7356471748750179
284 58 0.7591967248018326
284 289 0.6593538885564212
285 265 -0.594174819487336
285 255 -0.7447862102630425
285 158 0.5897680614267903
285 234 -0.6252561415083424
285 286 0.6857896147113562
285 287 0.72713597892828
285 288 0.6706817454827473
285 58 0.6432644771127507
285 289 0.6061727897497695
286 265 -0.7304495120496338
286 255 -0.806707901169761
286 158 0.6821078146743037
286 234 -0.7887648732144342
286 287 0.8569373857649588
286 288 0.7803283918295949
286 58 0.7279108356087892
286 289 0.6633575313341973
287 265 -0.7968491213548758
287 255 -0.8522402154642338
287 158 0.7283141714575765
287 234 -0.8553142995763257
287 288 0.874960382395145
287 58 0.7800036769425444
287 289 0.7174993845651397
288 265 -0.8162576000195036
288 255 -0.8425656635547512
288 158 0.790695323275017
288 234 -0.8851326277649942
288 58 0.8049651753758885
288 289 0.7301693594836735
289 265 -0.6450758279240336
289 255 -0.7155641195169818
289 158 0.5980236601235578
289 234 -0.6981650455997876
289 58 0.6941393459379354
290 148 -0.6304117439403587
290 291 -0.498770175426651
290 151 -0.5840977418495045
290 297 -0.6581602095166066
290 303 -0.7638253905303813
291 148 0.40470295812944335
291 69 -0.515143710129076
291 292 -0.46252551281559146
291 279 -0.4985149423018854
291 293 -0.4787600983639029
291 151 0.4008968861358138
291 294 -0.4507600041317264
291 295 -0.4237295549819962
291 227 -0.4409261548508744
291 296 -0.4519498273778402
291 297 0.43261990556136865
291 298 -0.4010814460109229
291 255 -1.2080842675066719
291 299 -0.5360860160596485
291 300 -0.4334223624103317
291 301 -0.4876852628987239
291 302 -0.5331522156267902
291 34 -0.42121983918096817
291 303 0.5012241883720585
292 148 -0.6313502190745384
292 279 -0.5861331602120853
292 151 -0.6209967123810116
292 297 -0.7018535135719873
292 303 -0.7495263733349347
293 148 -0.5892261265096991
293 151 -0.7058638320011372
293 297 -0.6965479849351314
293 303 -0.7536965301092199
294 148 -0.5867686247207746
294 151 -0.6808990199817053
294 297 -0.6714761229650441
294 303 -0.7897803278106739
295 148 -0.5427335697433288
295 151 -0.5982244038291931
295 297 -0.6530763380511116
295 303 -0.7887367261742683
296 148 -0.5693589447275661
296 151 -0.5550707567349404
296 297 -0.6463888882165937
296 303 -0.7630545278295291
297 148 0.5334982273420904
297 69 -0.7155671714281514
297 279 -0.6796941755752878
297 151 0.5536028730480184
297 227 -0.6320221422818046
297 298 -0.4647089838036988
297 255 -0.5745723198939641
297 299 -0.7454875076340459
297 300 -0.6607359739912421
297 301 -0.5973715184206367
297 302 -0.7605432265526315
297 34 -0.6336131094596962
297 303 0.6738108243898976
298 148 -0.5193102358352901
298 151 -0.49842122096451524
298 303 -0.6207747201651914
299 148 -0.6589471666197811
299 151 -0.7262252521673489
299 303 -0.8397674319718978
300 148 -0.578558312495651
300 151 -0.5588869830232913
300 303 -0.6923422890359223
301 148 -0.5139361021897895
301 151 -0.6314570294235593
301 303 -0.7850212237202251
302 148 -0.6996842020304701
302 151 -0.7348844389421276
302 303 -0.8554216162805388
303 148 0.6055818167870558
303 69 -0.7786114942529065
303 279 -0.76789803462977
303 151 0.7160347034651025
303 227 -0.6830791773600378
303 255 -0.7532192720882461
303 34 -0.6965923115752762
308 309 -0.7926341188120523
308 310 0.8584364988444995
308 311 -1.4701986939485296
308 312 -1.4884175055337985
308 314 -0.8619651018136664
308 315 -0.7353628277667721
308 254 -0.7951907411808032
309 278 -0.6184591829426197
309 310 -0.6919081675781759
309 262 -0.6655639511176586
309 311 0.7297227478385976
309 312 0.718396784342034
309 313 -0.6670715866547504
309 271 -0.7166619909007509
309 314 0.7584743922167526
309 203 -0.6115026664788636
309 315 0.6836524081318941
309 316 -0.6145502363654871
309 254 1.3178741559351468
310 311 -0.7300824323212888
310 312 -0.739061680797678
310 314 -0.7987451040687343
310 315 -0.6693547839118756
310 254 -0.7663598176190942
311 278 -0.6272817590725833
311 262 -0.6830793826598393
311 312 1.366175978877368
311 313 -0.6826604553519937
311 271 -1.4000533226319796
311 314 0.7499315159153928
311 203 -0.6627712405352287
311 315 0.6851501071553963
311 316 -0.5726834220613347
311 254 0.6902883828439396
312 278 -0.5546251535415617
312 262 -0.6399156451126312
312 313 -0.6739984413992954
312 271 -0.7263931030528027
312 314 0.7625301659875406
312 203 -0.6817480189790154
312 315 0.6328632235527036
312 316 -0.6545227727259953
312 254 0.7363598890920802
313 314 -0.7719228345020082
313 315 -0.6381081453757532
313 254 -0.7443437065863991
314 278 -0.6637665425330123
314 262 -0.7290807136500626
314 271 -0.7907772000520806
314 203 -0.8209461638069351
314 315 0.8040733938579501
314 316 -0.7720376530726423
314 254 0.8400987092884883
315 278 -0.6049566268920863
315 262 -0.6588150858777198
315 271 -0.7023730272728477
315 203 -0.6651890174209727
315 316 -0.634229562471577
315 254 0.7294900967582828
316 254 -0.731799567699302
317 311 0.5662728318224615
317 308 -0.654204606459457
317 318 -0.7406515479061279
317 319 -1.2686076056637345
317 46 -0.6804292201966972
317 258 0.5960820901733773
317 320 0.777478516088964
317 312 0.5080087184763579
317 321 0.6875604987102358
318 311 -0.6027152813034853
318 258 -0.6631098972812465
318 320 -0.8263106942069623
318 312 -0.7204079627814571
318 321 -0.7843834161738499
319 311 -0.7015600757629236
319 258 -0.5885075857131792
319 320 -0.8132925549030424
319 312 -0.7108125616132818
319 321 -0.7373168395494982
320 311 0.6705291971625306
320 308 -0.7606907480443921
320 46 -0.8294118046647494
320 258 0.6795665608490676
320 312 0.7020189761852752
320 321 0.7935534715529363
321 311 0.7232857318502052
321 308 -0.7637575858373792
321 46 -0.7617272734617658
321 258 0.6449258911007302
321 312 0.6946402787974735
322 324 -0.619422384339686
322 326 -0.7293830493879819
322 327 -1.3128154506296565
322 134 -0.7020696401023734
322 331 -0.7530404908265799
322 244 -0.5870592586868983
322 332 -0.6363879441696004
322 333 0.7998601732772244
323 324 -1.3645807468268618
323 326 -0.7757270910386135
323 327 -0.6462627480326275
323 134 -0.7702616452084506
323 331 -0.758012948655938
323 244 -0.769913672400607
323 332 -0.6100121139619602
324 292 -0.6602522700455787
324 278 -0.6865475955216048
324 325 -0.5828840712988693
324 326 0.6513669674764538
324 327 0.5372921993633273
324 328 -0.7306365149453918
324 329 -1.40801286906321
324 134 0.6767107379530376
324 330 -1.1802592300694397
324 294 -0.6231255489900381
324 331 0.6906981590626315
324 244 0.6580752394877508
324 313 -0.7034558751968283
324 332 0.5127814051300437
324 333 -0.6190786879120002
325 326 -0.704040175068328
325 327 -0.6759311121095698
325 134 -0.7384674880569186
325 331 -0.7102526596830143
325 244 -0.6435154636223579
325 332 -0.5340221784264266
326 292 -0.6466438154405731
326 278 -0.8221344925858073
326 327 0.7429041554421856
326 328 -0.7736274579367588
326 329 -0.7170279566624522
326 134 0.7441886643561733
326 330 -0.7642938724652477
326 294 -0.7501575926773291
326 331 0.7738886437972118
326 244 0.6340950703183974
326 313 -0.7487435916845963
326 332 0.6534239036274933
326 333 -0.7139015302324655
327 292 -0.6322245378184681
327 278 -1.2824502974084893
327 328 -0.6370956283980471
327 329 -1.3228649880660281
327 134 0.6437435783239782
327 330 -0.6995886626143986
327 294 -0.6686426198988898
327 331 0.6803600809120696
327 244 0.5428830283608527
327 313 -1.2677682008417
327 332 0.6018626560717161
327 333 -0.5867689938173404
328 134 -0.7705605030059794
328 331 -0.8102083188459963
328 244 -0.7162594786931501
328 332 -0.6208896636962707
329 134 -0.766288634235154
329 331 -0.7444971149829716
329 244 -0.6091681084881996
329 332 -0.568172749980493
330 134 -0.7310448036419219
330 331 -0.741022777687754
330 244 -0.6760133193181901
330 332 -0.7223597692500435
331 292 -0.7379058580401318
331 278 -0.7977489215572644
331 134 0.8143874389006418
331 294 -0.723505316582741
331 244 0.6886891103596953
331 313 -0.7742154581218447
331 332 0.608258007626819
331 333 -0.6875331906894563
332 292 -0.522289633543163
332 278 -0.6457156538963145
332 134 0.6072571277618246
332 294 -0.5505456924438328
332 244 0.5110681051057123
332 313 -0.5934101343087362
332 333 -0.48462006170508215
333 134 -0.6599668195920999
333 244 -0.6364408116795592
334 278 -0.6485971808433285
334 279 -0.7437440156835419
334 248 -0.7621480822457555
334 308 -0.6989103555633773
334 335 0.7445592966914847
334 313 -0.6953217801807903
334 322 -0.6916892527947522
334 336 0.6674653281690118
334 337 0.7248133420943934
334 290 -0.8318315744399563
334 287 0.6601155010253429
334 338 0.7221275552977264
334 339 -0.8240964608582124
334 340 -0.6832653939385619
334 341 0.737891913267563
334 342 -0.6913766263707796
334 329 -0.6993474922876488
334 343 0.8053900599479377
334 344 -0.6268403519358422
334 305 -0.6069613656719524
334 327 0.6856674548927127
334 316 -0.7077367409791526
334 345 0.7287161379841196
335 278 -0.7008260083441961
335 279 -0.7336489498313146
335 248 -0.8024542705467949
335 308 -0.8061923504853288
335 313 -0.7689547211433881
335 322 -0.7814636056367444
335 336 0.6062372813465609
335 337 0.696978267100705
335 290 -0.7618178414676025
335 287 0.8478554592121826
335 338 0.8012665892151998
335 339 -0.756458291861076
335 340 -0.724724280304023
335 341 0.8105526884857523
335 342 -0.7449317278284591
335 329 -0.7437015505434057
335 343 0.7912572547375036
335 344 -0.6749992189246704
335 305 -0.7019748849271426
335 327 0.6817319474777909
335 316 -0.7628200153174115
335 345 0.7752972942355109
336 278 -0.4954187513880074
336 279 -0.6037198668074092
336 248 -0.6877505230974774
336 308 -0.5068826412277312
336 313 -0.5315425184826797
336 322 -0.5191340401103681
336 337 0.5783344201654104
336 290 -0.7570395265173522
336 287 0.480433176708652
336 338 0.6467226629222074
336 339 -0.7037327201014261
336 340 -0.6038524232782202
336 341 0.6205074955679972
336 342 -0.5657222408278546
336 329 -0.5522617841427202
336 343 0.5510290813046613
336 344 -0.5049701949074563
336 305 -0.4680918437671805
336 327 0.45051226566169317
336 316 -0.5637725124453813
336 345 0.552766126644589
337 278 -0.6337349414825423
337 279 -0.725561976422951
337 248 -0.7177717089553803
337 308 -0.6537348628001758
337 313 -0.6741049782598642
337 322 -0.6134467124419104
337 290 -0.7141693234443522
337 287 0.684635415497738
337 338 0.6916685686019659
337 339 -0.6929812785725762
337 340 -0.6493859606059799
337 341 0.6858739221417847
337 342 -0.6488783358394382
337 329 -0.7372482975580407
337 343 0.7112132906913747
337 344 -0.5535826077493542
337 305 -0.5630739295598891
337 327 0.6036363241383537
337 316 -0.7000356484328156
337 345 0.727526906398574
338 278 -1.3283910142140167
338 279 -0.7420541628549995
338 248 -0.7812783105692608
338 308 -1.4372980459730627
338 313 -0.8122954334678735
338 322 -1.425517253745818
338 290 -0.7630896552414693
338 287 0.7491792417383097
338 339 -0.7256957592295395
338 340 -0.7463908678903183
338 341 0.7896985242948475
338 342 -0.7982709985842954
338 329 -1.4546241506164006
338 343 0.8165611607721212
338 344 -0.6306896781807324
338 305 -0.7317055402238554
338 327 0.6410781128912992
338 316 -0.7614897728980887
338 345 0.7263327857214696
339 287 -0.6856639893250369
339 341 -0.6939637869683246
339 343 -0.7123692962674835
339 327 -0.6612376960536553
339 345 -0.734869631191905
340 287 -1.5233263020032044
340 341 -0.714714950318059
340 343 -0.7371490268604995
340 327 -0.5537000661274321
340 345 -0.6303629484151919
341 278 -0.6282507369497697
341 279 -1.3070355124710002
341 248 -0.7568986920771787
341 308 -1.3112168659728214
341 313 -0.7362597308481484
341 322 -0.7684094318363139
341 290 -0.742859932695473
341 287 0.755987384571474
341 342 -0.7529665878610233
341 329 -1.3463711065492074
341 343 0.748849684182296
341 344 -0.6332430098807978
341 305 -0.6777129335957954
341 327 0.6251665897353849
341 316 -0.6801869392743958
341 345 1.390881122072436
342 287 -0.7372724433684155
342 343 -0.7941176293893616
342 327 -0.5699725743588985
342 345 -0.651770970777523
343 278 -0.691480338573455
343 279 -0.757481694211215
343 248 -0.7827368378531042
343 308 -0.8119093179650148
343 313 -0.8231518807568278
343 322 -0.7116467952125203
343 290 -0.7673692107200482
343 287 0.771343761587012
343 329 -0.7900800066600435
343 344 -0.6237877000589349
343 305 -0.7794157813320791
343 327 0.7086719271382576
343 316 -0.771573203105146
343 345 0.698807368918509
344 287 -0.6561917270736114
344 327 -0.6039634333917948
344 345 -0.5700937316083444
345 278 -0.6943295710603457
345 279 -1.3955825604459098
345 248 -0.6930032488152965
345 308 -2.1242194455305987
345 313 -0.7121804182427165
345 322 -1.4395207154126703
345 290 -1.4932821325656287
345 287 0.7152246968938898
345 329 -0.6737457043929997
345 305 -0.5467032032308403
345 327 0.6392557863649515
345 316 -0.6952647884351781
348 291 -0.7948799922195963
349 291 -0.7318692245382445
350 291 -0.6922464437028016
364 292 0.5374401036543828
366 323 -0.7747999219054649
372 373 -1.4332636404756038
372 374 -0.7223147722847013
372 287 -0.7117213754828894
372 381 -0.794583035336491
372 382 -0.5911763906471789
373 374 1.3003089292667527
373 322 -0.752704739537935
373 308 -1.3941763035013208
373 365 -1.1763174831004708
373 376 -0.6478026351651178
373 377 -1.5193425068324475
373 287 0.7494748262582965
373 378 -0.7684421524961252
373 379 -0.5652124220527017
373 380 -2.2001889144864415
373 381 1.5713973359357727
373 382 1.2472881554986872
374 322 -0.7942433923210258
374 308 -0.626334415160973
374 365 -0.6326220082674555
374 376 -0.6697482579310349
374 377 -0.732432779907595
374 287 0.7340781430186971
374 378 -0.7820660428042203
374 379 -0.5817936569998777
374 380 -1.2722255920910994
374 381 0.7355774799349911
374 382 1.1386632895887643
376 287 -0.7196301255464079
376 381 -0.7198552114659391
376 382 -0.6454103537793104
377 287 -0.7030464016193462
377 381 -0.7158564733741237
377 382 -0.5938557386398308
378 287 -0.8146085987013546
378 381 -0.7970743264246939
378 382 -0.6984727369627947
379 287 -0.636630036646792
379 381 -0.7480164131909993
379 382 -1.2399975847682194
380 287 -0.6836268587576795
380 381 -0.6545552503785697
380 382 -0.6075631380080858
381 322 -0.8083383415489118
381 308 -0.7574850860923523
381 365 -0.7276288359888466
381 287 0.7600648258195581
381 382 0.7344415386289848
382 322 -2.0472478117924755
382 308 -2.135021504856934
382 365 -0.6427324569744777
382 287 0.6758953660590071
383 379 -0.5378347764318174
383 384 -0.4633501884091182
383 385 -0.4597532596443422
383 382 0.5163848593235508
383 386 -0.564981127453313
383 166 -0.5033733675429096
383 67 0.41198167917501705
383 109 0.4096060280603178
383 387 -0.5767006456613939
383 271 -0.5243591536531039
384 382 -0.4647267605459405
384 67 -0.7605688360984982
384 109 0.058746834736049414
384 271 -0.8285956731394915
385 382 -0.6438581183758266
385 67 -0.6537241422543972
385 109 -0.6093714532418947
386 382 -0.6769108224428837
386 67 -0.7437638866923219
386 109 -0.6295511556878952
387 382 -0.6615507989093851
387 67 -0.6413707330649518
387 109 -0.6152291796004443
389 382 -0.8219948913483073
389 390 -0.7133720401231493
389 254 -0.7374902100220492
389 391 -0.7765441652481141
389 309 -0.7955165164912753
390 382 0.6412159433964881
390 254 0.6211489486313692
390 391 0.700924583324431
390 309 0.6560972572059736
391 382 0.7194269993273835
391 254 1.2630610192750886
391 309 0.6810535341978079
392 317 -0.621144235108188
393 317 -0.6218540667360591
394 317 -0.6914499401757486
395 317 -0.7190502285657094
396 156 -0.5699992101555398
396 397 -0.5789645174541609
396 398 -0.45542847491216004
396 254 -0.5449131114313976
396 358 -0.5493601169178786
397 156 0.7309316339436872
397 398 0.7832991651963751
397 254 0.6888831390214741
397 382 -0.7678742208584464
397 399 -0.6908628918150896
397 358 0.8544720136171388
398 156 0.5860434812617427
398 254 0.5102677619718108
398 382 -0.6877863835376836
398 399 -0.5683013976682104
398 358 0.650518456572417
399 156 -0.7498153319086742
399 254 -0.7263092628376967
399 358 -0.6945672496873099
400 338 -0.7683965963900984
401 338 -0.682556017342088
403 405 -0.7004392224696901
403 286 -0.6731769367784165
403 311 -0.6644254275109153
403 408 -0.7784857949729886
404 405 -0.8057854768421222
404 286 -0.8006094068865122
404 311 -0.7041433451266693
404 408 -0.7825614466924155
405 396 -0.539509511857582
405 250 -1.5560609470251143
405 286 0.8081212578347152
405 311 0.7335955807608463
405 406 -0.7868850466025107
405 407 -0.6283673617624133
405 271 -2.973697722405256
405 408 0.795276492634819
405 409 -0.5238924475591686
405 410 -0.8107624584510867
406 286 -0.786697444457998
406 311 -0.7113426921705164
406 408 -0.8303317194243535
407 286 -0.7157887854541545
407 311 -0.7104232973210011
407 408 -0.8070695016433195
408 396 -0.7100116831597124
408 250 -0.7509967823335144
408 286 0.7879456904722709
408 311 0.7015679750536359
408 271 -0.7318057405885866
408 409 -0.6242725463085392
408 410 -0.8064847294834645
409 286 -0.5886362046104519
409 311 -0.644748852391181
410 286 -0.7573665353117894
410 311 -0.7586824891768542
421 373 0.8221242857793405
424 99 -0.7377894946813233
424 425 -0.6941956877068035
424 203 -0.6772172803552896
424 413 0.5564177316654287
424 426 -0.632170997296388
424 427 -0.5860102898359322
425 413 -0.6506837645335782
426 413 -0.6583183584039097
427 413 -0.5732571632886223
428 372 -0.8678771225823563
428 341 -0.6908189791317542
429 341 -0.6847062871057261
430 333 0.7647517202153341
430 341 -0.763943493662057
430 271 0.5708369536112493
430 98 0.6767056417197954
431 241 0.7982215914523993
431 341 -0.7678951485231796
431 271 0.6657923185622299
432 341 -0.6738587317316002
433 341 -0.7043241052586245
433 271 -0.552754471767528
434 341 -0.653359192919231
435 341 -0.702954792711679
436 341 -0.6021615830105969
437 341 -0.7044049674196735
438 341 -0.7848597948861635
439 341 -0.7260674247610718
440 341 -0.725523338102135
449 368 -0.7664581128126492
449 361 -0.774406062839536
449 241 0.810742077695862
450 308 0.8439222169295848
451 308 -0.7162545313188373
452 530 -0.677342497692279
452 531 -0.6126815269418313
452 453 -1.4328958108825685
452 338 -0.5599901549267574
452 381 -0.664102132109043
452 91 -0.7381017346191521
452 271 0.7799656500673737
452 535 -0.6878870976382965
452 373 -1.443676280121503
452 496 -0.7278000050884966
452 538 -0.790136447293074
452 405 -1.585117628074041
453 292 -0.7819940046931793
453 409 -0.6510845573390935
453 451 0.6766371121079587
453 454 0.5921527908338688
453 308 -1.5846595167460544
454 292 -0.7250145142826725
454 409 -0.5470208521939786
454 451 0.5239253624817962
454 308 -0.5800674532669264
455 287 -0.7897622081008543
455 456 -0.6820963383751943
455 457 -0.7482274952280394
456 287 0.7938351190527014
456 308 -0.6798409788634064
456 457 0.7347194685898988
456 340 -0.6919857247013881
457 287 0.8085117865821744
457 308 -0.7904107521581831
457 340 -0.7541896373399148
458 459 0.7761228664214299
458 460 0.7701632363210299
458 271 -0.8090119957923776
458 345 0.5975676771428581
458 461 -0.852227205744482
458 384 0.8636062794051022
458 308 -0.8275260329246485
458 341 0.6757183072133157
458 462 -0.6994708475898764
459 460 0.7152920930224315
459 271 -0.6850713476966919
459 345 0.566834031001313
459 461 -0.8150376610046886
459 384 0.7493318287247493
459 308 -0.8400557619467622
459 341 0.5833742007757088
459 462 -0.6067135139523888
460 271 -0.728533981596434
460 345 0.5679680092909966
460 461 -0.7432770070522672
460 384 0.763368150239839
460 308 -0.7296898348653329
460 341 0.5660473093234194
460 462 -0.6387802721381641
461 345 -0.6501976803700656
461 384 -0.8214107636843129
461 341 -0.7079384876383866
462 345 -0.6015021026381693
462 384 -0.726999662146864
462 341 -0.555203724032318
463 478 -0.6252844306637643
463 337 -0.8576564192757954
463 453 -0.7504503721979665
463 480 -0.541392683981968
463 373 -0.8337530874250417
464 453 1.5145605206370938
464 465 -0.7302061914971308
464 461 -0.7516762607616395
464 308 -0.7485487461090086
464 212 -0.6359390065675895
464 466 -0.6684134602512484
464 371 -0.7264760732649038
464 467 0.7303603820098317
464 468 -0.7790279714590724
464 469 0.7739044666279397
464 470 -0.7778327465057246
464 382 1.2857079359336108
464 471 -1.397711485510725
464 418 -0.7524344284929054
464 472 -0.741458514782557
464 355 -0.5706608295439639
465 453 -1.3902093587191562
465 467 -0.7547829414011179
465 469 -0.8102243904114919
465 382 -0.7460684343234587
466 453 -0.7565535306891826
466 308 0.7099253538158887
466 467 -0.8065573184290616
466 469 -0.7422487462446872
466 382 -1.3526750073481748
467 453 0.8812173832556913
467 461 -0.8765791674015895
467 308 -0.8670543949768832
467 212 -0.7477806528354266
467 371 -0.7785964507458358
467 468 -0.8146106235626653
467 469 0.8286948999739642
467 470 -0.9024820900166645
467 382 0.8103619413128677
467 471 -0.9195346015277359
467 418 -0.8772293595797652
467 472 -0.8594951663512939
467 355 -0.6889381322879572
468 453 -0.7767080395554958
468 469 -1.489975832028557
468 382 -0.756486156432445
468 471 0.8630729913248157
469 453 0.8368811365517185
469 461 -0.8601566785708972
469 308 -1.6427297499885896
469 212 -0.7221283662278188
469 371 -0.8103816737475299
469 470 -0.8819992694307478
469 382 0.8521691413849379
469 471 -0.8308584798965476
469 418 -0.9250742283277729
469 472 -0.9112431485638705
469 355 -1.2905081811372843
470 453 -0.8448085188865527
470 382 -0.8266317821789788
471 453 -1.6739376603410236
471 382 -1.400798707912883
472 453 -1.6420004523767435
472 382 -0.8345784695654652
473 474 0.8067701621392801
473 475 0.835973576125066
473 476 0.7386578696504701
473 174 0.8549473965335208
473 254 0.7267873047634408
473 391 0.8279883729422522
473 477 -0.6566851219109867
474 475 0.7291416909771417
474 476 0.7759962084213649
474 174 0.7831968289013452
474 254 0.6495295749392762
474 391 0.7778025771437961
474 477 -0.6101262753476383
475 476 0.7169442154445299
475 174 0.8739000130855558
475 254 0.7191047947628847
475 391 0.8077108646930691
475 477 -0.6723742981186147
476 174 0.7239793113694472
476 254 0.6564652361448008
476 391 0.7216648074836131
476 477 -0.6075869770719186
477 174 -0.7169259282214411
477 254 -0.5969360739332071
477 391 -0.6708608887339873
478 396 -0.5823037870692549
478 432 -0.6223598095588762
478 61 -0.5814504200442996
478 245 -0.7160443332429242
478 337 0.6714593739125034
478 323 -0.6768853038510103
478 242 -0.7466893437769683
478 108 -0.5927909586774718
478 141 -0.6789187374321388
478 453 0.683001216824881
478 262 -0.7042685120688625
478 479 -0.5670202349973393
478 472 -0.6526033088801647
478 407 -0.6803927401129598
478 380 -0.682950314910552
478 448 -0.627790984780635
478 480 0.704878863628727
478 372 -0.7360073296197398
478 373 0.5717064565804647
478 481 -0.645972879066039
478 271 -0.5541678047084638
479 337 -0.7361672520637504
479 453 -0.7036662693134368
479 480 -0.5710569024085993
479 373 -0.6725318854056396
480 396 -0.5297724698505102
480 432 -0.5466464161755686
480 61 -0.5580654489269736
480 245 -0.6777359963145184
480 337 0.5564147233963012
480 323 -0.5990329384261662
480 242 -0.6829857453634012
480 108 -0.5857841968256541
480 141 -0.6091652224527873
480 453 0.6253513689670209
480 262 -0.6381996870040892
480 472 -0.6129567467882717
480 407 -0.5583951188669085
480 380 -0.5256709456443786
480 448 -0.550925612449591
480 372 -0.6470723152126602
480 373 0.4316849298946687
480 481 -0.6939984064930287
480 271 -0.5883765220634157
481 337 -0.7686021666412258
481 453 -0.7386414065109946
481 373 -0.7496509523312008
483 382 0.7245661164716408
487 458 -0.6564914584154491
489 271 0.6018263433595538
491 471 0.7580987363132456
493 494 -0.6302242131774078
493 495 -0.7197880059879705
493 496 -0.8108761903746671
493 475 -0.7143108844725788
493 469 -0.8463001239349038
494 364 -0.7244805673788166
494 495 0.6651865538227305
494 468 -0.5106670524352293
494 489 -0.7577609995364849
494 496 0.6789668347813826
494 475 0.6709122057191861
494 497 -0.7140159612091385
494 448 -0.6223535227985078
494 469 0.7303983853679581
494 401 -0.6902473691351971
495 364 -0.8587801346815954
495 468 -0.6025976002284357
495 489 -0.8143642809312872
495 496 0.7913197729953974
495 475 0.7622505678603827
495 497 -0.8045427206379682
495 448 -0.681672992090493
495 469 0.8660070580943717
495 401 -0.7781716294867287
496 364 -0.8281851953039203
496 468 -0.6990239496888732
496 489 -0.8127613064743247
496 475 0.7739300129036861
496 497 -0.8287970420767845
496 448 -0.6554099915094268
496 469 0.8427736148347543
496 401 -0.7847349044886065
497 475 -0.8150780796979002
497 469 -0.8984428035541774
498 477 -0.7656297666178579
498 464 -0.6646491884382114
498 345 -0.7658005674788986
498 483 -0.7601020931389088
498 382 -0.7066798961024465
498 453 -0.8268329500272572
498 501 -0.8291832802142995
499 477 -0.6738422140282659
499 464 -0.6019477587934942
499 345 -0.7003835590257506
499 483 -0.6288003627273514
499 382 -0.6188362171000711
499 453 -1.4960273030043303
499 501 -0.7908983301318442
500 477 -0.7101354583481162
500 464 -0.6780226230516463
500 345 -0.7322763639890176
500 483 -0.690825998782422
500 382 -1.4637915413235603
500 453 -0.7907526493064612
500 501 -0.8279566763170813
501 279 -0.7397748808985852
501 352 -0.8202682135851512
501 477 0.8444818238154911
501 464 0.7825177906268722
501 345 0.8818653139589124
501 290 -0.8368978700462903
501 471 -0.7756114462126482
501 364 -0.825232258102467
501 483 0.8137839434906888
501 382 0.7662553308109021
501 453 0.9224635956830479
502 431 -0.615206495316224
502 203 -0.5551415655516808
502 498 -0.6400708056161274
502 335 -0.6107019403308255
502 271 -0.5700540515297503
502 241 -0.6218074884167373
502 250 -0.5900420711836092
502 489 -0.5423428507823252
502 449 -0.7450138876266903
503 374 -0.7748023863073317
503 505 -0.6177510607267159
503 341 -0.7714369895546049
503 508 -0.7754585146750247
503 399 -0.7441431283769476
503 511 -0.8146277482964581
503 433 -0.6007634880371496
503 405 -0.8215011358261095
504 374 -0.5096659657347089
504 505 -0.5745539654146492
504 341 -0.6037919372730147
504 508 -0.59445887802737
504 399 -0.5595720410199733
504 511 -0.6685167808951915
504 433 -0.4644967523545713
504 405 -0.6462873220431127
505 270 -0.6995677933666671
505 271 -0.6566209780444895
505 374 0.5631638155148111
505 77 -0.6667976366502428
505 262 -0.672316549913751
505 341 0.6113998963017199
505 364 -0.7349875526290819
505 506 -0.6169755446950052
505 507 -0.5223196363956003
505 508 0.6839247332618085
505 399 0.601217685957528
505 509 -0.7059465558594864
505 510 -0.5208554791713179
505 361 -0.6193329679960085
505 511 0.6592476418465363
505 380 -0.4567824822849251
505 512 -0.7348294840013109
505 448 -0.656342514377883
505 329 -0.5061876617886123
505 513 -0.6262912737791401
505 433 0.5003809938261556
505 405 0.7000880823958519
506 374 -0.6741204257834786
506 341 -0.7884018704405358
506 508 -0.7874833941303123
506 399 -0.6788262724710643
506 511 -0.7647371245324086
506 433 -0.6403796552756491
506 405 -0.8089693784713318
507 374 -0.5730973088412175
507 341 -0.7392882367659233
507 508 -0.724088029514284
507 399 -0.6472968957324261
507 511 -0.1530878824397256
507 433 -0.6011992839974665
507 405 -0.7348123822401804
508 270 -0.6921748517956201
508 271 -0.6739283203943999
508 374 0.7000167365607555
508 77 -0.6600136756715403
508 262 -0.6283950805539193
508 341 0.845085275585395
508 364 -0.8166846004638167
508 399 0.8163228630658828
508 509 -0.8381293814279924
508 510 -0.592303328583262
508 361 -0.722775399670576
508 511 0.8001526876407571
508 380 -0.6319662192764822
508 512 -0.806887984259818
508 448 -0.7663590219840951
508 329 -0.6947753379564602
508 513 -0.7503395675994539
508 433 0.6599816227895212
508 405 0.8405004739594698
509 374 -0.6453101808661431
509 341 -0.7841151987507434
509 399 -0.7842982503203195
509 511 -0.8461817896742776
509 433 -0.6591531222424825
509 405 -0.8401772411756108
510 374 -0.655018321416653
510 341 -0.5773589049865951
510 399 -0.6092759297912455
510 511 -0.6365640086364679
510 433 -0.5289079733514545
510 405 -0.6608769814742542
511 270 -0.7090293283980644
511 271 0.01129977725284037
511 374 0.700572118535335
511 77 -0.7134495664247862
511 262 -0.7038828164490755
511 341 0.825241944259256
511 364 -0.8380375348953072
511 399 0.7891439985586305
511 361 -0.7673362889949659
511 380 -0.6722715862440451
511 512 -0.853787361231771
511 448 -0.808826641827277
511 329 -0.6811786252737885
511 513 -0.7416636979201042
511 433 0.6377253742520527
511 405 0.065001352196014
512 374 -1.4280487763875946
512 341 -0.7862731881128959
512 399 -0.7609162330442004
512 433 -0.6192560784085546
512 405 -0.8464965224266014
513 374 -0.623293101383839
513 341 -0.7307670755329515
513 399 -0.6772691010839975
513 433 -0.6281267707543854
513 405 -0.7536031007295119
514 374 -0.6139513646461108
515 374 -0.690168467262908
516 389 -0.822084347714601
516 150 -0.8374306119416272
516 298 -0.6892876668793193
516 421 0.7525905686678503
516 355 -0.7397246761400428
516 128 -0.8697700691782007
516 517 -0.6934752916195632
516 518 1.492435880049161
516 506 -0.7734041881799555
516 345 1.5280629664568182
516 512 -0.8203629500904125
516 406 -0.7446485587371885
517 421 -0.6183157019646662
517 518 -0.6148435531546402
517 345 -0.7095672487866842
518 389 -0.7941932077124241
518 150 -0.7583567961810692
518 298 -0.6548803847505569
518 421 1.5400462202933856
518 355 -0.7118029064699237
518 128 -0.8220985551602998
518 506 -0.7614428232244302
518 345 0.7532707035033808
518 512 -0.7809524521137003
518 406 -0.7029876165543553
519 223 -0.6837915481483222
519 495 -0.651548145597509
519 374 -0.6331762000371488
519 522 -0.67134425567457
519 523 -0.6282957175308734
519 524 -0.6622591268516157
519 525 -0.7233940138352463
519 373 -0.6627621574836596
519 341 -0.5970288402481528
519 421 -0.7689635100099764
519 518 -0.5933436061842099
519 382 -0.5510404762929622
520 223 -1.4541798249010065
520 495 -0.6970643739518871
520 374 -0.7370702624320802
520 522 -0.7513997385386082
520 523 -0.7159029599493214
520 524 -0.7117637563792801
520 525 -0.7902690687320649
520 373 -0.6912324303529929
520 341 -0.665519462000631
520 421 -0.8664923121724926
520 518 -0.7132329598736749
520 382 -0.6055520176789458
521 223 -0.718642711450232
521 495 -0.7348800625804228
521 374 -0.6758676171172252
521 522 -0.8094329055306019
521 523 -0.740212347256399
521 524 -0.7288224258599569
521 525 -0.8376323763514543
521 373 -0.747943208979695
521 341 -0.723104590338718
521 421 -0.8714790263376465
521 518 -0.784116325436318
521 382 -0.6326977014317128
522 279 -0.6379050463813475
522 270 -1.537110486287907
522 223 0.6716766204363218
522 495 0.7659396669440093
522 295 -0.6755236227629371
522 374 0.6182859400601556
522 523 0.663652657470865
522 524 1.4981052346719863
522 525 0.7907663039492653
522 490 -0.7451157950636038
522 373 0.7239454094469604
522 341 0.7374759267629721
522 433 -0.7128191960723887
522 426 -1.459829717056007
522 526 -0.7409151024498244
522 421 0.8119187557676297
522 527 -0.7488671515809555
522 518 0.7223199555077868
522 382 1.4520879954824697
523 279 -0.6676737516396124
523 270 -0.728886387784456
523 223 0.6792998668309854
523 495 0.6673363013220666
523 295 -0.7406956593355978
523 374 0.5423966758659211
523 524 0.603484469610409
523 525 0.8301595204244998
523 490 -0.7177740371501629
523 373 0.7108853024309634
523 341 0.6544474766048394
523 433 -0.7788819551444105
523 426 -0.7465356036830175
523 526 -0.7676463636765315
523 421 0.826323360619958
523 527 -0.7933806724176777
523 518 0.7542684282786538
523 382 0.6493701819336014
524 279 -0.6778186146850868
524 270 -1.4447233718317327
524 223 0.7008457356629577
524 495 0.7514728173988282
524 295 -0.6789830507311723
524 374 0.6542856299727577
524 525 0.7373706699313634
524 490 -0.7175348828502061
524 373 1.5112956044942534
524 341 0.743745264849903
524 433 -0.7100205896753872
524 426 -0.6580922490623017
524 526 -0.7290775928556434
524 421 0.7620171352705678
524 527 -0.7237752018410996
524 518 0.666188187194618
524 382 1.353594021731468
525 279 -0.750921648847166
525 270 -0.7595256120972907
525 223 0.7585456594773882
525 495 0.7407786850998321
525 295 -0.8000825292105167
525 374 0.6204744687375158
525 490 -0.7808273969691261
525 373 0.7907782277179696
525 341 0.721195576477561
525 433 -0.8396456373839347
525 426 -0.7944918587752416
525 526 -0.8437281509704189
525 421 0.9094572572505909
525 527 -0.8624140224277088
525 518 0.8114263829003159
525 382 0.6981334976225546
526 223 -0.7583581798310415
526 495 -0.7497803286668329
526 374 -0.7314953799126689
526 373 -0.7341061096784183
526 341 -0.672797970105951
526 421 -0.9033950336258824
526 518 -0.7343538983136506
526 382 -1.2943439931461038
527 223 -0.7214908072080899
527 495 -0.7759466735259074
527 374 -0.6088230791025988
527 373 -0.823590990883837
527 341 -0.7094427961694708
527 421 -0.8970841814261936
527 518 -0.8047175685709765
527 382 -0.6575271396878676
530 250 -0.6951175065664253
530 278 -0.7237560426920197
530 531 0.6810098945567327
530 360 -0.7619916394555031
530 487 -0.7831154615344552
530 532 -0.7880905581069914
530 533 -0.7737368513615043
530 453 0.7576333995586066
530 338 0.7384999041420491
530 298 -0.5963436309563416
530 381 0.7683083958832482
530 91 0.8548368725924365
530 534 -0.759498128673731
530 128 -0.7079863259097569
530 271 -0.7509220459577441
530 302 -0.8287130051741493
530 535 0.83796348205877
530 373 0.8117343273529855
530 536 -0.7834434656587285
530 395 -0.7598749001484916
530 537 -0.7210886161871598
530 496 0.7776276001823981
530 538 0.7819409581474744
530 405 0.7738623192115164
531 250 -0.7524208400187872
531 278 -0.7388523182163456
531 360 -0.678423756380954
531 487 -0.733041471524064
531 532 -0.7249277089253827
531 533 -0.6706849408532205
531 453 0.6808142342436675
531 338 0.6312987570973512
531 298 -0.4479859537352067
531 381 1.6276569447361282
531 91 0.8006426083969974
531 534 -0.7784854686423249
531 128 -0.6511275643783427
531 271 -0.729067639865915
531 302 -0.8167997247552387
531 535 0.7813788891759651
531 373 0.7883599353457961
531 536 -0.7280400890414274
531 395 -0.7936804309192563
531 537 -0.7203953864338556
531 496 0.7240613670847126
531 538 0.7202408856535781
531 405 0.8325049188513169
532 453 -0.782912624585605
532 338 -0.7827529529625914
532 381 -0.826329602183102
532 91 -0.8742931211547722
532 535 -0.8662352092706386
532 373 -0.8542714296073012
532 496 -0.8561414608747057
532 538 -0.8314337273282661
532 405 -0.8391758518188221
533 453 -0.7269273911110156
533 338 -0.6356844305164617
533 381 -0.7618230950405495
533 91 -0.8500249346847226
533 535 -0.7832801134309437
533 373 -0.8241628999718595
533 496 -0.747720595947599
533 538 -0.8090413552746778
533 405 -0.790307760137517
534 453 -0.773093249093655
534 338 -0.7159416544105797
534 381 -0.8221442614884935
534 91 -0.8664277830735576
534 535 -0.8441940040228251
534 373 -0.8598603918139144
534 496 -0.8350168414788316
534 538 -0.8276043775682942
534 405 -0.86479008038172
535 250 -0.8013217851744706
535 278 -0.8258651115014938
535 360 -0.7232034840171441
535 487 -0.8677173898658973
535 453 0.811369854425627
535 338 0.7855475328987926
535 298 -0.5520514387856008
535 381 0.8671688741921644
535 91 0.9153977397795001
535 128 -0.7964837290650438
535 271 -0.802396388216411
535 302 -0.8974502010607588
535 373 0.9081133481405876
535 536 -0.8492989658965199
535 395 -0.8754644408198318
535 537 -0.8359109338493035
535 496 0.8660798089006894
535 538 0.8599272221918225
535 405 0.8994072592566256
536 453 -0.8282694122650531
536 338 -0.7681818006712867
536 381 -0.8387857960758917
536 91 -0.8836665973991646
536 373 -0.8936741346094004
536 496 -0.9108150561237608
536 538 -0.9115602393081756
536 405 -0.9033227560913536
537 453 -0.7683078557547538
537 338 -0.6784762144073732
537 381 -0.7953757977593544
537 91 -0.8346182221960426
537 373 -0.8159233924058555
537 496 -0.8859716020675688
537 538 -0.8620100785020637
537 405 -0.8905444145202636
538 250 -0.8263898338096604
538 278 -0.8527056008025117
538 360 -0.6845605707234544
538 487 -0.8061864218264635
538 453 0.8119585681277043
538 338 0.7365961536396745
538 298 -0.7046267701720451
538 381 0.8194776974699914
538 91 0.8821970752761648
538 128 -0.8509148631367089
538 271 -0.7976217995011744
538 302 -0.8553228509751433
538 373 0.8764453410514627
538 395 -0.8604613035022665
538 496 0.897066666416233
538 405 0.8811034347087875
539 272 -0.7380272270048609
539 511 -0.7736354683821559
539 286 0.07965244986230657
539 438 -0.6585093155657055
539 507 -0.6151365732354614
539 452 -0.8038564726717516
540 272 -0.6852087621097439
540 511 -0.5981515415460199
540 286 -0.7080945820031743
540 438 -0.6962485409727828
540 507 -0.6264522943267108
540 452 -0.7832665167639485
541 272 -0.7250073094013685
541 511 -0.8051261688385877
541 286 -0.8275370002489781
541 438 -0.6495461647702455
541 507 -0.607063327753815
541 452 -0.8033071735939659
542 19 0.7903103647125517
542 109 -0.8109754078980204
542 294 0.8558535244332954
542 430 0.7565319111827916
542 526 0.718525643540192
542 345 -0.8297849059764195
542 543 -0.8156169032736075
542 405 -0.844064612013458
542 382 -0.8156034077282086
542 544 0.7801290587512258
542 271 0.8125531964004322
542 545 0.7089151666952909
542 452 0.7681439517311281
542 511 0.7470323849982482
543 19 -0.7688159336260674
543 294 -0.8031252923597653
543 430 -0.603950303079098
543 526 -0.7321880382971698
543 544 -0.7479633258369942
543 271 -0.8214326238912566
543 545 -0.7115903534495495
543 452 -0.768013475187429
543 511 -0.7488092478738778
544 19 0.7120102697539639
544 109 -0.7293013373796704
544 294 0.7922754188120766
544 430 0.6243811512250054
544 526 0.7116511120862105
544 345 -0.7337772616775518
544 405 -0.7622730513866801
544 382 -0.7559112689113535
544 271 0.763636554054392
544 545 0.7173325929429488
544 452 0.7386214581626024
544 511 0.6922432895916268
545 19 0.6261936815561985
545 109 -0.7077383654004028
545 294 0.7446796635519547
545 430 0.45274352439517973
545 526 0.7239835662193529
545 345 -0.6861068457067776
545 405 -0.6753134724054575
545 382 -0.6962469228687185
545 271 0.7272858220249442
545 452 0.6509668340818652
545 511 0.6346691787557743
546 471 -0.6627196747588501
546 364 -0.688359700527256
546 409 -0.6999252490790423
546 549 -0.6443046827851132
546 292 -0.5305171441085085
546 185 -0.6662602993272598
546 551 0.8007356760167381
546 440 -0.7256642229839244
547 471 -0.7844915245690489
547 364 -0.7296894483320279
547 409 -0.8118669799848671
547 549 -0.7459307204089954
547 292 -0.6368552884719964
547 185 -0.8841733932288485
547 440 -0.8797535535282457
548 471 -0.6689063681313581
548 364 -0.5461164380208747
548 409 -0.6848501150025891
548 549 -0.5968292544158498
548 292 -0.5235827060273569
548 185 -0.7837034624536796
548 440 -0.717372146137056
549 71 -0.641506772692802
549 471 0.6458749234062637
549 364 0.6327422311564561
549 409 0.7445767602205213
549 279 -0.6752900838647581
549 257 -0.6686920681975745
549 61 -0.7421487331190627
549 292 0.5832516841053975
549 550 -0.7897974299913978
549 482 -0.6737955244554833
549 203 -0.6943573398719562
549 185 0.7126014509083872
549 551 -0.762861411277175
549 552 -0.7019376017521329
549 77 -0.671833094353244
549 440 0.7117121619559094
550 471 -0.7429224812937589
550 364 -0.6906289696480822
550 409 -0.8012435464552655
550 292 -0.6687621245988101
550 185 -0.8324136089774634
550 440 -0.8379909646068474
551 471 -0.8014038935959019
551 364 -0.7625294738646418
551 409 -0.8522078544092866
551 292 -0.6724658377389084
551 185 -0.8884799548386685
551 440 -0.8795584903309317
552 471 -0.7545860234201239
552 364 -0.7231177351280405
552 409 -0.7479191380245541
552 292 -0.6536366289151636
552 185 -0.8950426894667807
552 440 -0.882552559058329
553 109 -0.7030503947889243
553 449 -0.7342680260318603
554 555 0.8432370930486429
556 75 0.8625110104307003
556 223 0.9057066737755756
556 520 -0.7188383765136498
556 345 0.840826270541907
556 71 0.7019072797825416
556 286 0.9337858251471962
556 516 0.7975487615738162
556 452 -0.771699045514861
557 109 0.7475225422787025
557 108 -0.7262666222836722
557 558 -0.7119266808615462
557 546 0.7291438361122102
557 559 -0.6546286851559332
557 384 0.6979774601598293
557 358 -0.7183393496368529
557 516 0.7247954738059438
557 481 -0.6070698614747537
557 381 0.7229751351417079
557 369 -0.6418637932082464
557 560 -0.5724638742032025
557 561 0.7497417136021043
557 539 0.7861922523250873
557 286 0.7103090167844116
557 562 -0.7455433502736294
557 551 0.8228116731488195
557 99 -0.8022499131935743
557 329 -0.7689761037416694
557 531 0.7133706355670594
557 469 0.8162656893785848
557 518 0.6605105892720144
558 109 -0.7282820195469312
558 546 -0.7579050897678535
558 384 -0.5197166663867456
558 516 -0.724997830039226
558 381 -0.8304114097869946
558 561 -0.8511268128307424
558 539 -0.8179681612661768
558 286 -0.8226456739280436
558 551 -0.8120832547713515
558 531 -0.7642151660014834
558 469 -0.7827853472537808
558 518 -0.7751824292135105
559 109 -0.6965002133372077
559 546 -0.673122972303344
559 384 -0.42970166248303393
559 516 -0.6870338202633026
559 381 -0.8045662860179168
559 561 -0.7779246908932291
559 539 -0.7734320558388105
559 286 -0.7926630116611816
559 551 -0.7413576596304714
559 531 -0.7501697086597902
559 469 -0.7417052725208175
559 518 -0.8077730026041675
560 109 -0.7066522580469724
560 546 -0.6596796554503538
560 384 -0.3399689908340542
560 516 -0.6633812463209475
560 381 -0.7690891023243404
560 561 -0.7938444224120508
560 539 -0.7287633833224748
560 286 -0.7998741904148249
560 551 -0.6970191766921371
560 531 -0.7169718846663499
560 469 -0.7164025993671367
560 518 -0.7919852439677406
561 109 0.8121425692878971
561 108 -0.8445788003047252
561 546 0.8044900858532791
561 384 0.5239139198735852
561 358 -0.7524327224354636
561 516 0.7799937383647196
561 481 -0.7008779463657484
561 381 0.8948447873063597
561 369 -0.7022693727173285
561 539 0.8846895998678638
561 286 0.9289705775084975
561 562 -0.9017523460111794
561 551 0.9070431991601896
561 99 -0.8928466736742917
561 329 -0.9066900631189386
561 531 0.8678358392858855
561 469 0.8562219661933891
561 518 0.8574893219895335
562 109 -0.8134320760919509
562 546 -0.8531755355952391
562 384 -0.5573210896383654
562 516 -0.8061567453392301
562 381 -0.8541666317547877
562 539 -0.8804513754913504
562 286 -0.8646229563301467
562 551 -0.86415498661776
562 531 -0.8223981549362315
562 469 -0.8530473816882157
562 518 -0.833690533891954
563 61 -0.6662364987601784
563 564 -0.7529310581075035
563 566 -0.7572743220825288
563 110 -0.6810788911095117
564 279 -0.7814843144798711
564 465 -0.7030932459158413
564 468 -0.8138812325071849
564 354 -0.7918117495552274
564 502 -0.8251088345162391
564 61 0.7601881795483187
564 489 -0.7466809472361059
564 565 -0.7109030163149614
564 566 0.8710949819080982
564 110 0.842317488377979
564 448 -0.9033451881246304
565 61 -0.6787684210660229
565 566 -0.6747633693371329
565 110 -0.6927463079502547
566 279 -0.7760742384431307
566 465 -0.6974201937628751
566 468 -0.8516021838599901
566 354 -0.742408644188501
566 502 -0.8487529610902493
566 61 0.7197642543782495
566 489 -0.7696520181994984
566 110 0.798975877281449
566 448 -0.898938358020496
567 453 -0.8545229732377283
567 373 -0.8321240319588863
568 453 -0.7692970283217662
568 373 -0.7461640042275782
569 453 -0.7870258349225534
569 373 -0.8516363821600011
570 270 -0.7654053352023411
570 372 -0.7569632315788204
570 126 0.7146593129849883
570 548 0.8431348561801058
570 571 0.8201805716608265
570 572 0.8157870747257355
570 428 0.7302998412658587
571 270 -0.8421534895617262
571 372 -0.8434652685840132
571 126 0.796531677219756
571 548 0.8948442935622005
571 572 0.9036379027321331
571 428 0.8202354017108267
572 270 -0.8298698269823478
572 372 -0.8318515025132494
572 126 0.7894779069025443
572 548 0.9298624550996787
572 428 0.8295474977799813
573 522 -0.6312391515522023
573 458 -0.6351627650655987
573 538 -0.7273860367955978
574 522 -0.7559592062993838
574 458 -0.7119460797287874
574 538 -0.7952378293265363
575 522 -0.7128816780005277
575 458 -0.5986586918980995
575 538 -0.7176742578751926
576 522 -0.7927304438702746
576 458 -0.6967885919328999
576 538 -0.8530297683013168
577 580 -0.5794221546713285
577 581 -0.6644692359046818
577 366 -0.8229012345801558
577 447 -0.7407594215329747
577 324 -0.7377587492826989
578 580 -0.40999450827536593
578 581 -0.4984893566986318
578 366 -0.6473512186335595
578 447 -0.5565181364677232
578 324 -0.46566165263822923
579 580 -0.6877561161032454
579 581 -0.6275867198961342
579 366 -0.7550629170061729
579 447 -0.638205040518735
579 324 -0.6487693457719008
580 534 -0.5558585966316226
580 330 -0.45977361733681715
580 245 -0.636104280986249
580 319 -0.53421285568177
580 323 -0.7211669167631274
580 481 -0.7293071264223415
580 433 -0.6381905395545479
580 581 0.5585875647477347
580 329 -0.6418381929365352
580 432 -0.7095195239529104
580 366 0.6617298645108396
580 447 0.5795575539674024
580 324 0.5554120897140786
581 534 -0.6282224469831763
581 330 -0.5617571482268437
581 245 -0.6303162926756944
581 319 -0.6950094473356899
581 323 -0.6813417927271544
581 481 -0.6234318859971939
581 433 -0.7013700567904254
581 329 -0.7775989532649814
581 432 -0.7412043509360378
581 366 0.7344177018783897
581 447 0.6914643183549282
581 324 0.7662950680372728
582 498 -0.6724864072894274
582 583 -0.7209629334971578
582 408 0.683043336512012
583 408 -0.8475305283098638
584 338 -0.6701420975203686
584 286 -0.715387391241926
585 338 -0.8848645028320765
585 286 -0.6685096025192023
586 338 -0.7336471028818576
586 286 -0.5741965770527144
587 71 -0.6503755272058211
588 71 -0.6777109194956182
589 71 -0.8136020525176199
590 71 -0.7790480051690277
591 382 -0.7889893054885219
591 32 -0.793234314759943
591 522 -0.7572600976778832
591 524 -0.7097759802998634
591 592 -0.8504284546798736
592 502 -0.7309721196329049
592 128 -0.6616873262459376
592 270 -0.8469883760244694
592 382 0.7942027415528526
592 316 -0.8670618272721113
592 409 -0.7759481243115635
592 411 -0.7806354904559915
592 32 0.8250661285041504
592 522 0.8137537638508714
592 322 -0.8400381230423654
592 507 -0.7642874425627232
592 524 0.7918675489778411
592 500 -0.8540449933108458
592 452 -0.8561813374089837
593 466 0.6557159008292994
593 364 0.693928179613779
593 95 0.6200620040330952
593 308 0.7846153857960626
593 583 0.6711154978977187
593 310 0.6978723073522972
593 322 0.6680448037324993
593 345 -0.7744321552776015
593 566 -0.6947114242243783
593 411 0.5771084570035291
593 71 -0.7238809861502516
593 430 0.7115090709424913
593 333 0.7275631752500409
593 594 -0.8048858908190291
593 382 -0.5825751816736711
593 98 0.7692845332436545
593 450 0.6832982644212122
593 595 0.7615870964689658
594 466 -0.7032751355954909
594 364 -0.7378026322826593
594 95 -0.7255713253912627
594 308 -0.8374924741270937
594 583 -0.6941444700613216
594 310 -0.7729862834619075
594 322 -0.7144738951921182
594 411 -0.7486362127547338
594 430 -0.748675168532317
594 333 -0.8026857836357344
594 98 -0.8548119146467099
594 450 -0.7615211245671168
594 595 -0.8536263728588208
595 466 0.7089655753040649
595 364 0.7976474073318552
595 95 0.7632766658799264
595 308 0.9307933233362002
595 583 0.8030581718629964
595 310 0.8586268027826748
595 322 0.7630800820161968
595 345 -0.8886073417272002
595 566 -0.8407099006663147
595 411 0.6832094743136325
595 71 -0.8406001599175734
595 430 0.7611120921371968
595 333 0.8886306551590794
595 382 -0.6835361202760438
595 98 0.8494510722376422
595 450 0.7980147254786415
596 340 0.8282722521315222
596 471 0.7648730251217879
596 411 0.7147045307228266
596 491 0.9179559275310073
596 541 -0.6609871847439381
596 515 0.7763644656812537
596 468 0.8756955235778031
597 524 -0.7004051654837717
597 373 -0.7227722405291762
597 11 -0.7107229842433374
597 338 -0.7884471286886997
597 572 -0.8786176984536648
598 93 -0.5967218702085944
598 529 -0.7793295163594793
598 469 -0.7129539331951404
598 600 -0.7401862852238985
598 423 -0.7837393887010617
599 93 -0.5134212232213442
599 529 -0.7519236487459597
599 469 -0.7866701147741632
599 600 -0.7542148849018683
599 423 -0.8014308615534724
600 93 0.5856015647568689
600 308 -0.8154080005749739
600 507 -0.7545921325102956
600 355 -0.6546782410243731
600 529 0.8408606754212207
600 435 -0.8045209164201904
600 329 -0.7202539093786156
600 433 -0.7587373703785486
600 469 0.8700659706426334
600 423 0.892924925250453
601 602 -0.5953383674707665
601 400 -0.8480677917862864
601 603 -0.7044430467367458
601 605 -0.8943791938470221
602 271 -0.512765461085772
602 400 0.6199496508475879
602 603 0.4923282368378781
602 578 -0.4555969573156464
602 604 -0.5609559691884047
602 605 0.5875717222262472
602 590 -0.6221998246010122
602 606 -0.5389376091676469
603 271 -0.6738556231727281
603 400 0.6499643594087582
603 578 -0.6138929027227611
603 604 -0.688011477657769
603 605 0.7272788842657696
603 590 -0.6716660487798383
603 606 -0.6659000162408648
604 400 -0.7231805742836286
604 605 -0.8278421050683651
605 271 -0.7923340144005313
605 400 0.8347127497130251
605 578 -0.7395996104835884
605 590 -0.8783737374838649
605 606 -0.8276610321268759
606 400 -0.7608749426556923
